A photlam/acrsec^2
3200.0 0.0
3499.9 0.0
3501.7000000000003 6.505999999999999e-06
3504.3 6.504e-06
3507.0 6.501e-06
3509.6 6.499e-06
3512.3 6.495999999999999e-06
3514.9 6.494e-06
3517.6 6.492e-06
3520.2 6.489e-06
3522.9 6.487000000000001e-06
3525.5 6.485e-06
3528.2 6.482e-06
3530.7999999999997 6.48e-06
3533.5 6.4780000000000005e-06
3536.2 6.475e-06
3538.8 6.473e-06
3541.5 6.471e-06
3544.1000000000004 6.468000000000001e-06
3546.8 6.466e-06
3549.4 6.4639999999999994e-06
3552.1 6.4610000000000005e-06
3554.7000000000003 6.459e-06
3557.4 6.457e-06
3560.0 6.4539999999999995e-06
3562.7 6.452e-06
3565.2999999999997 6.4490000000000004e-06
3568.0 6.447e-06
3570.7 6.444999999999999e-06
3573.2999999999997 6.442e-06
3576.0 6.44e-06
3578.6000000000004 6.438e-06
3581.3 6.434999999999999e-06
3583.8999999999996 6.433e-06
3586.6000000000004 6.431e-06
3589.2000000000003 6.428e-06
3591.9 6.425999999999999e-06
3594.5 6.424e-06
3597.2000000000003 6.421e-06
3599.8 6.419e-06
3602.5 6.4170000000000006e-06
3605.1 6.414e-06
3607.7999999999997 6.412e-06
3610.5 6.4100000000000005e-06
3613.1 6.407000000000001e-06
3615.7999999999997 6.405e-06
3618.3999999999996 6.402e-06
3621.1000000000004 6.4e-06
3623.7 6.398e-06
3626.3999999999996 6.395e-06
3629.0 6.393e-06
3631.7000000000003 6.391e-06
3634.3 6.3880000000000005e-06
3637.0 6.3859999999999995e-06
3639.6 6.383999999999999e-06
3642.3 6.381e-06
3644.9 6.379e-06
3647.6 6.377e-06
3650.2999999999997 6.3739999999999995e-06
3652.9 6.372e-06
3655.6 6.37e-06
3658.2 6.367e-06
3660.8999999999996 6.364999999999999e-06
3663.5 6.363e-06
3666.2 6.36e-06
3668.8 6.358e-06
3671.5 6.356000000000001e-06
3674.1000000000004 6.353e-06
3676.8 6.351e-06
3679.4 6.348e-06
3682.1 6.346000000000001e-06
3684.7000000000003 6.344e-06
3687.4 6.341e-06
3690.1 6.339e-06
3692.7 6.3370000000000005e-06
3695.4 6.334e-06
3698.0 6.332e-06
3700.7 6.33e-06
3703.2999999999997 6.327000000000001e-06
3706.0 6.325e-06
3708.6000000000004 6.3229999999999994e-06
3711.3 6.3200000000000005e-06
3713.8999999999996 6.318e-06
3716.6000000000004 6.316e-06
3719.2000000000003 6.3129999999999995e-06
3721.9 6.311e-06
3724.5 6.309e-06
3727.2000000000003 6.306e-06
3729.9 6.303999999999999e-06
3732.5 6.301e-06
3735.2 6.299e-06
3737.7999999999997 6.297e-06
3740.5 6.293999999999999e-06
3743.1 6.292e-06
3745.7999999999997 6.29e-06
3748.3999999999996 6.287e-06
3751.1000000000004 6.284999999999999e-06
3753.7 6.283e-06
3756.3999999999996 6.28e-06
3759.0 6.278e-06
3761.7000000000003 6.2760000000000006e-06
3764.3 6.273e-06
3767.0 6.271e-06
3769.7000000000003 6.2690000000000005e-06
3772.3 6.266000000000001e-06
3775.0 6.264e-06
3777.6 6.2619999999999995e-06
3780.2999999999997 6.259e-06
3782.9 6.257e-06
3785.6 6.254e-06
3788.2 6.252e-06
3790.8999999999996 6.25e-06
3793.5 6.2470000000000005e-06
3796.2 6.245e-06
3798.8 6.242999999999999e-06
3801.5 6.24e-06
3804.1000000000004 6.238e-06
3806.8 6.236e-06
3809.5 6.2329999999999994e-06
3812.1 6.231e-06
3814.8 6.229e-06
3817.4 6.226e-06
3820.1 6.223999999999999e-06
3822.7 6.222e-06
3825.4 6.219e-06
3828.0 6.217e-06
3830.7 6.215000000000001e-06
3833.2999999999997 6.212e-06
3836.0 6.21e-06
3838.6000000000004 6.207e-06
3841.3 6.205000000000001e-06
3844.0 6.203e-06
3846.6000000000004 6.2e-06
3849.3 6.198e-06
3851.9 6.1960000000000005e-06
3854.6 6.1939999999999995e-06
3857.2000000000003 6.191e-06
3859.9 6.189e-06
3862.5 6.187e-06
3865.2 6.1839999999999996e-06
3867.7999999999997 6.1819999999999994e-06
3870.5 6.18e-06
3873.1 6.178e-06
3875.7999999999997 6.176000000000001e-06
3878.3999999999996 6.173e-06
3881.1000000000004 6.171e-06
3883.8 6.169e-06
3886.3999999999996 6.167e-06
3889.1000000000004 6.165e-06
3891.7000000000003 6.162999999999999e-06
3894.4 6.16e-06
3897.0 6.158e-06
3899.7000000000003 6.156e-06
3902.3 6.154e-06
3905.0 6.152e-06
3907.6 6.151e-06
3910.2999999999997 6.149e-06
3912.9 6.147000000000001e-06
3915.6 6.1450000000000005e-06
3918.2 6.1429999999999995e-06
3920.8999999999996 6.141e-06
3923.6000000000004 6.139e-06
3926.2 6.137e-06
3928.8999999999996 6.1350000000000006e-06
3931.5 6.1329999999999996e-06
3934.2000000000003 6.130999999999999e-06
3936.8 6.13e-06
3939.5 6.1280000000000005e-06
3942.1 6.126e-06
3944.8 6.124e-06
3947.4 6.122e-06
3950.1 6.12e-06
3952.7 6.118e-06
3955.4 6.116e-06
3958.0 6.114e-06
3960.7 6.111999999999999e-06
3963.3999999999996 6.11e-06
3966.0 6.108e-06
3968.7 6.1060000000000005e-06
3971.3 6.104e-06
3974.0 6.101999999999999e-06
3976.6000000000004 6.101e-06
3979.3 6.099e-06
3981.9 6.097e-06
3984.6 6.095e-06
3987.2000000000003 6.093e-06
3989.9 6.091e-06
3992.5 6.089e-06
3995.2 6.087e-06
3997.7999999999997 6.0840000000000005e-06
4000.5 6.0819999999999995e-06
4003.2 6.081e-06
4005.7999999999997 6.079e-06
4008.5 6.0770000000000004e-06
4011.1000000000004 6.074000000000001e-06
4013.8 6.072e-06
4016.3999999999996 6.0699999999999995e-06
4019.1000000000004 6.068e-06
4021.7000000000003 6.066e-06
4024.4 6.064000000000001e-06
4027.0 6.062e-06
4029.7000000000003 6.06e-06
4032.3 6.058e-06
4035.0 6.056e-06
4037.6 6.054000000000001e-06
4040.2999999999997 6.052e-06
4043.0 6.05e-06
4045.6 6.048e-06
4048.2999999999997 6.046e-06
4050.8999999999996 6.044e-06
4053.6000000000004 6.042e-06
4056.2 6.04e-06
4058.8999999999996 6.038e-06
4061.5 6.036e-06
4064.2000000000003 6.034e-06
4066.8 6.031999999999999e-06
4069.5 6.0309999999999995e-06
4072.1 6.029e-06
4074.8 6.027e-06
4077.4 6.025000000000001e-06
4080.1 6.023e-06
4082.7999999999997 6.021e-06
4085.4 6.019e-06
4088.1 6.018e-06
4090.7 6.0160000000000005e-06
4093.3999999999996 6.014e-06
4096.0 6.011999999999999e-06
4098.7 6.01e-06
4101.3 6.0089999999999996e-06
4104.0 6.007e-06
4106.6 6.006000000000001e-06
4109.3 6.0040000000000005e-06
4111.9 6.002999999999999e-06
4114.599999999999 6.001e-06
4117.3 6e-06
4119.9 5.998e-06
4122.6 5.996e-06
4125.2 5.995e-06
4127.900000000001 5.993000000000001e-06
4130.5 5.9919999999999996e-06
4133.2 5.989999999999999e-06
4135.8 5.989e-06
4138.5 5.9870000000000004e-06
4141.1 5.985e-06
4143.8 5.984000000000001e-06
4146.4 5.982e-06
4149.1 5.981e-06
4151.7 5.979e-06
4154.4 5.977e-06
4157.099999999999 5.976e-06
4159.700000000001 5.974000000000001e-06
4162.4 5.972e-06
4165.0 5.970999999999999e-06
4167.7 5.969e-06
4170.299999999999 5.967e-06
4173.0 5.966e-06
4175.6 5.964000000000001e-06
4178.3 5.962e-06
4180.9 5.96e-06
4183.6 5.959e-06
4186.2 5.957e-06
4188.9 5.955000000000001e-06
4191.5 5.9530000000000004e-06
4194.2 5.952e-06
4196.9 5.95e-06
4199.5 5.948e-06
4202.200000000001 5.946e-06
4204.8 5.944e-06
4207.5 5.941999999999999e-06
4210.1 5.94e-06
4212.799999999999 5.938e-06
4215.400000000001 5.9360000000000004e-06
4218.1 5.934e-06
4220.7 5.931999999999999e-06
4223.4 5.93e-06
4226.0 5.928e-06
4228.7 5.9260000000000005e-06
4231.3 5.924e-06
4234.0 5.921999999999999e-06
4236.7 5.92e-06
4239.3 5.918e-06
4242.0 5.916e-06
4244.599999999999 5.9140000000000005e-06
4247.3 5.9119999999999995e-06
4249.9 5.909999999999999e-06
4252.6 5.908e-06
4255.2 5.906e-06
4257.900000000001 5.9040000000000006e-06
4260.5 5.9019999999999996e-06
4263.2 5.899999999999999e-06
4265.8 5.898e-06
4268.5 5.896e-06
4271.1 5.894000000000001e-06
4273.8 5.892e-06
4276.5 5.8899999999999995e-06
4279.1 5.888e-06
4281.8 5.886e-06
4284.4 5.884000000000001e-06
4287.099999999999 5.882e-06
4289.700000000001 5.88e-06
4292.4 5.879e-06
4295.0 5.877e-06
4297.7 5.8750000000000005e-06
4300.299999999999 5.873e-06
4303.0 5.870999999999999e-06
4305.6 5.869e-06
4308.3 5.8679999999999996e-06
4310.9 5.866e-06
4313.6 5.864e-06
4316.3 5.862000000000001e-06
4318.9 5.86e-06
4321.6 5.859e-06
4324.2 5.857e-06
4326.9 5.855e-06
4329.5 5.8530000000000005e-06
4332.200000000001 5.852000000000001e-06
4334.8 5.85e-06
4337.5 5.848e-06
4340.1 5.8460000000000004e-06
4342.799999999999 5.845e-06
4345.400000000001 5.843000000000001e-06
4348.1 5.841e-06
4350.7 5.84e-06
4353.4 5.838e-06
4356.1 5.836e-06
4358.7 5.834e-06
4361.4 5.833000000000001e-06
4364.0 5.831e-06
4366.7 5.829999999999999e-06
4369.3 5.828e-06
4372.0 5.826e-06
4374.599999999999 5.825e-06
4377.3 5.823e-06
4379.9 5.821e-06
4382.6 5.819999999999999e-06
4385.2 5.818e-06
4387.900000000001 5.8169999999999995e-06
4390.5 5.815e-06
4393.2 5.814000000000001e-06
4395.9 5.8120000000000004e-06
4398.5 5.810999999999999e-06
4401.2 5.809e-06
4403.8 5.808e-06
4406.5 5.807e-06
4409.1 5.806e-06
4411.8 5.804000000000001e-06
4414.4 5.803e-06
4417.099999999999 5.8020000000000005e-06
4419.700000000001 5.800999999999999e-06
4422.4 5.799e-06
4425.0 5.798e-06
4427.7 5.797e-06
4430.400000000001 5.796e-06
4433.0 5.794e-06
4435.7 5.793e-06
4438.3 5.792000000000001e-06
4441.0 5.79e-06
4443.6 5.789e-06
4446.3 5.7879999999999995e-06
4448.9 5.787e-06
4451.6 5.7850000000000005e-06
4454.2 5.784e-06
4456.9 5.782000000000001e-06
4459.5 5.780999999999999e-06
4462.200000000001 5.78e-06
4464.8 5.7779999999999996e-06
4467.5 5.777e-06
4470.2 5.776e-06
4472.799999999999 5.774e-06
4475.5 5.7730000000000005e-06
4478.1 5.7709999999999995e-06
4480.8 5.77e-06
4483.4 5.768e-06
4486.1 5.767e-06
4488.7 5.766e-06
4491.4 5.764e-06
4494.0 5.7630000000000006e-06
4496.7 5.7609999999999996e-06
4499.3 5.758999999999999e-06
4502.0 5.758e-06
4504.599999999999 5.756e-06
4507.3 5.754e-06
4510.0 5.753000000000001e-06
4512.6 5.751e-06
4515.299999999999 5.7489999999999995e-06
4517.900000000001 5.747e-06
4520.6 5.746e-06
4523.2 5.744e-06
4525.9 5.742e-06
4528.5 5.741000000000001e-06
4531.2 5.739e-06
4533.8 5.737e-06
4536.5 5.735e-06
4539.1 5.7340000000000005e-06
4541.8 5.732e-06
4544.4 5.729999999999999e-06
4547.099999999999 5.729e-06
4549.8 5.7269999999999995e-06
4552.4 5.725e-06
4555.1 5.724000000000001e-06
4557.7 5.7220000000000004e-06
4560.400000000001 5.7199999999999994e-06
4563.0 5.719e-06
4565.7 5.717e-06
4568.3 5.715e-06
4571.0 5.714e-06
4573.6 5.7120000000000005e-06
4576.3 5.7099999999999995e-06
4578.9 5.709e-06
4581.6 5.707e-06
4584.2 5.7050000000000004e-06
4586.9 5.704e-06
4589.599999999999 5.702000000000001e-06
4592.200000000001 5.701e-06
4594.9 5.699e-06
4597.5 5.697e-06
4600.2 5.696e-06
4602.799999999999 5.694e-06
4605.5 5.693e-06
4608.1 5.691e-06
4610.8 5.69e-06
4613.4 5.688e-06
4616.1 5.687e-06
4618.7 5.685e-06
4621.4 5.684e-06
4624.0 5.682e-06
4626.7 5.681e-06
4629.4 5.678999999999999e-06
4632.0 5.678e-06
4634.700000000001 5.6759999999999995e-06
4637.3 5.675e-06
4640.0 5.674e-06
4642.6 5.672e-06
4645.299999999999 5.671e-06
4647.900000000001 5.6689999999999994e-06
4650.6 5.668e-06
4653.2 5.666e-06
4655.9 5.665e-06
4658.5 5.664e-06
4661.2 5.662e-06
4663.8 5.6610000000000005e-06
4666.5 5.6589999999999995e-06
4669.2 5.658e-06
4671.8 5.657e-06
4674.5 5.656e-06
4677.099999999999 5.654e-06
4679.8 5.653e-06
4682.4 5.652e-06
4685.1 5.651000000000001e-06
4687.7 5.649e-06
4690.400000000001 5.648e-06
4693.0 5.6469999999999995e-06
4695.7 5.646e-06
4698.3 5.645e-06
4701.0 5.6440000000000005e-06
4703.7 5.643e-06
4706.3 5.642e-06
4709.0 5.641000000000001e-06
4711.6 5.639999999999999e-06
4714.3 5.639e-06
4716.9 5.638e-06
4719.599999999999 5.638e-06
4722.200000000001 5.6369999999999996e-06
4724.9 5.636e-06
4727.5 5.635e-06
4730.2 5.634e-06
4732.799999999999 5.633e-06
4735.5 5.6320000000000005e-06
4738.1 5.631000000000001e-06
4740.8 5.6299999999999995e-06
4743.5 5.629e-06
4746.1 5.627999999999999e-06
4748.8 5.627e-06
4751.4 5.626e-06
4754.1 5.625e-06
4756.7 5.624e-06
4759.4 5.623e-06
4762.0 5.6220000000000006e-06
4764.700000000001 5.621e-06
4767.3 5.62e-06
4770.0 5.617999999999999e-06
4772.6 5.617e-06
4775.299999999999 5.616e-06
4777.900000000001 5.615e-06
4780.6 5.614e-06
4783.3 5.612000000000001e-06
4785.9 5.611e-06
4788.6 5.6100000000000005e-06
4791.2 5.6079999999999995e-06
4793.9 5.607e-06
4796.5 5.606e-06
4799.2 5.604e-06
4801.8 5.603e-06
4804.5 5.601e-06
4807.099999999999 5.598999999999999e-06
4809.8 5.597e-06
4812.4 5.595e-06
4815.1 5.594e-06
4817.7 5.592e-06
4820.400000000001 5.590000000000001e-06
4823.1 5.588e-06
4825.7 5.587e-06
4828.4 5.585e-06
4831.0 5.583000000000001e-06
4833.7 5.5810000000000004e-06
4836.3 5.580000000000001e-06
4839.0 5.578e-06
4841.6 5.576e-06
4844.3 5.574e-06
4846.9 5.572e-06
4849.599999999999 5.5710000000000005e-06
4852.200000000001 5.5689999999999995e-06
4854.9 5.566999999999999e-06
4857.5 5.566e-06
4860.2 5.5640000000000004e-06
4862.900000000001 5.562e-06
4865.5 5.56e-06
4868.2 5.559e-06
4870.8 5.5569999999999995e-06
4873.5 5.555e-06
4876.1 5.554e-06
4878.8 5.552e-06
4881.4 5.55e-06
4884.1 5.549e-06
4886.7 5.5469999999999996e-06
4889.4 5.546e-06
4892.0 5.544e-06
4894.700000000001 5.5420000000000005e-06
4897.3 5.541e-06
4900.0 5.539e-06
4902.7 5.537999999999999e-06
4905.299999999999 5.536e-06
4908.0 5.5349999999999995e-06
4910.6 5.533e-06
4913.3 5.5320000000000006e-06
4915.9 5.531e-06
4918.6 5.528999999999999e-06
4921.2 5.527999999999999e-06
4923.9 5.526e-06
4926.5 5.525e-06
4929.2 5.523e-06
4931.8 5.522000000000001e-06
4934.5 5.521e-06
4937.099999999999 5.518999999999999e-06
4939.8 5.5179999999999995e-06
4942.5 5.516e-06
4945.1 5.515e-06
4947.799999999999 5.514e-06
4950.400000000001 5.512e-06
4953.1 5.511e-06
4955.7 5.508999999999999e-06
4958.4 5.508e-06
4961.0 5.5059999999999995e-06
4963.7 5.505e-06
4966.3 5.504e-06
4969.0 5.502e-06
4971.6 5.501e-06
4974.3 5.500000000000001e-06
4977.0 5.498e-06
4979.599999999999 5.497e-06
4982.3 5.495e-06
4984.9 5.494e-06
4987.6 5.493e-06
4990.2 5.4910000000000005e-06
4992.900000000001 5.490000000000001e-06
4995.5 5.489e-06
4998.2 5.486999999999999e-06
5000.8 5.486e-06
5003.5 5.485e-06
5006.1 5.483e-06
5008.8 5.482e-06
5011.4 5.4810000000000005e-06
5014.1 5.48e-06
5016.8 5.478e-06
5019.4 5.476999999999999e-06
5022.099999999999 5.476e-06
5024.700000000001 5.475e-06
5027.4 5.473e-06
5030.0 5.472e-06
5032.7 5.471000000000001e-06
5035.299999999999 5.47e-06
5038.0 5.467999999999999e-06
5040.6 5.4669999999999995e-06
5043.3 5.466e-06
5045.9 5.465e-06
5048.6 5.463e-06
5051.2 5.462e-06
5053.9 5.461e-06
5056.6 5.46e-06
5059.2 5.457999999999999e-06
5061.9 5.457e-06
5064.5 5.456e-06
5067.200000000001 5.4549999999999994e-06
5069.8 5.453e-06
5072.5 5.4520000000000005e-06
5075.1 5.451e-06
5077.799999999999 5.45e-06
5080.400000000001 5.447999999999999e-06
5083.1 5.447e-06
5085.7 5.446e-06
5088.4 5.4449999999999995e-06
5091.0 5.443e-06
5093.7 5.442000000000001e-06
5096.4 5.441e-06
5099.0 5.4400000000000004e-06
5101.7 5.439000000000001e-06
5104.3 5.4379999999999994e-06
5107.0 5.436e-06
5109.599999999999 5.441e-06
5112.3 5.410000000000001e-06
5114.9 5.447999999999999e-06
5117.6 5.467999999999999e-06
5120.2 5.46e-06
5122.9 5.352e-06
5125.5 5.225e-06
5128.200000000001 5.227000000000001e-06
5130.8 5.347e-06
5133.5 5.418e-06
5136.2 5.381e-06
5138.8 5.306e-06
5141.5 5.325e-06
5144.099999999999 5.335e-06
5146.799999999999 5.357e-06
5149.400000000001 5.315e-06
5152.1 5.293e-06
5154.700000000001 5.2359999999999995e-06
5157.4 5.2090000000000004e-06
5160.0 5.225e-06
5162.7 5.153999999999999e-06
5165.299999999999 5.0949999999999995e-06
5168.0 5.051e-06
5170.599999999999 5.19e-06
5173.3 5.2500000000000006e-06
5176.0 5.342e-06
5178.6 5.216e-06
5181.3 5.272e-06
5183.9 5.282e-06
5186.599999999999 5.45e-06
5189.2 5.392e-06
5191.900000000001 5.5030000000000005e-06
5194.5 6.575999999999999e-06
5197.200000000001 7.855e-06
5199.8 8.224e-06
5202.5 7.235e-06
5205.1 5.993000000000001e-06
5207.799999999999 5.505e-06
5210.4 5.335999999999999e-06
5213.099999999999 5.312e-06
5215.8 5.331e-06
5218.400000000001 5.398e-06
5221.1 5.5200000000000005e-06
5223.7 5.387999999999999e-06
5226.4 5.2600000000000005e-06
5229.0 5.168e-06
5231.7 5.239e-06
5234.299999999999 5.3010000000000006e-06
5237.0 5.352e-06
5239.6 5.37e-06
5242.3 5.3400000000000005e-06
5244.9 5.284e-06
5247.6 5.233e-06
5250.299999999999 5.315e-06
5252.9 5.356e-06
5255.599999999999 5.4059999999999996e-06
5258.200000000001 5.2749999999999995e-06
5260.900000000001 5.12e-06
5263.5 5.0219999999999995e-06
5266.2 5.024e-06
5268.8 5.126e-06
5271.5 5.2969999999999994e-06
5274.099999999999 5.441e-06
5276.799999999999 5.48e-06
5279.400000000001 5.531e-06
5282.1 5.4e-06
5284.700000000001 5.268e-06
5287.4 5.1119999999999995e-06
5290.1 5.1729999999999994e-06
5292.7 5.264e-06
5295.4 5.339e-06
5298.0 5.357e-06
5300.700000000001 5.361e-06
5303.3 5.312e-06
5306.0 5.303e-06
5308.6 5.464e-06
5311.3 5.489e-06
5313.9 5.475e-06
5316.599999999999 5.291e-06
5319.2 5.255e-06
5321.900000000001 5.2239999999999995e-06
5324.5 5.31e-06
5327.200000000001 5.473e-06
5329.9 5.68e-06
5332.5 5.591e-06
5335.2 5.413e-06
5337.799999999999 5.223e-06
5340.5 5.226e-06
5343.099999999999 5.283e-06
5345.8 5.315e-06
5348.400000000001 5.276e-06
5351.1 5.206e-06
5353.7 5.194e-06
5356.4 5.269000000000001e-06
5359.0 5.321e-06
5361.7 5.306999999999999e-06
5364.299999999999 5.2529999999999995e-06
5367.0 5.233e-06
5369.700000000001 5.212e-06
5372.3 5.293e-06
5375.0 5.259e-06
5377.6 5.201e-06
5380.299999999999 5.0580000000000005e-06
5382.9 5.033e-06
5385.599999999999 5.063e-06
5388.200000000001 5.1870000000000005e-06
5390.900000000001 5.155e-06
5393.5 5.143999999999999e-06
5396.2 5.076e-06
5398.8 5.111e-06
5401.5 5.137e-06
5404.099999999999 5.12e-06
5406.799999999999 5.207e-06
5409.5 5.155e-06
5412.1 5.242e-06
5414.8 5.135e-06
5417.4 5.202e-06
5420.1 5.075e-06
5422.7 5.052e-06
5425.4 5.033e-06
5428.0 5.087000000000001e-06
5430.700000000001 5.197e-06
5433.3 5.283e-06
5436.0 5.28e-06
5438.6 5.293e-06
5441.3 5.135e-06
5443.9 5.1870000000000005e-06
5446.599999999999 5.14e-06
5449.299999999999 5.268e-06
5451.900000000001 5.255999999999999e-06
5454.6 5.239e-06
5457.200000000001 5.2139999999999995e-06
5459.9 5.255e-06
5462.5 5.3139999999999994e-06
5465.2 5.345999999999999e-06
5467.799999999999 5.28e-06
5470.5 5.123e-06
5473.099999999999 4.988e-06
5475.8 4.996e-06
5478.400000000001 5.084e-06
5481.1 5.085e-06
5483.7 5.143999999999999e-06
5486.4 5.2e-06
5489.099999999999 5.377999999999999e-06
5491.7 5.341e-06
5494.400000000001 5.414e-06
5497.0 5.3769999999999995e-06
5499.700000000001 5.411e-06
5502.3 5.353e-06
5505.0 5.36e-06
5507.6 5.356e-06
5510.299999999999 5.333e-06
5512.9 5.296e-06
5515.599999999999 5.282e-06
5518.200000000001 5.267e-06
5520.900000000001 5.2e-06
5523.6 5.088e-06
5526.2 5.0460000000000005e-06
5528.9 5.085e-06
5531.5 5.279000000000001e-06
5534.2 5.32e-06
5536.799999999999 5.4159999999999995e-06
5539.5 5.457999999999999e-06
5542.1 5.6689999999999994e-06
5544.8 5.713e-06
5547.4 5.652e-06
5550.1 5.528999999999999e-06
5552.7 5.459000000000001e-06
5555.4 5.396e-06
5558.0 5.437e-06
5560.700000000001 5.5689999999999995e-06
5563.400000000001 5.68e-06
5566.0 5.688999999999999e-06
5568.7 5.813e-06
5571.3 2.5442e-05
5574.0 5.2816000000000004e-05
5576.599999999999 7.178600000000001e-05
5579.299999999999 5.6734e-05
5581.900000000001 2.9343e-05
5584.6 1.0135e-05
5587.200000000001 5.606e-06
5589.9 5.546e-06
5592.5 5.497e-06
5595.2 5.386999999999999e-06
5597.799999999999 5.386e-06
5600.5 5.5569999999999995e-06
5603.200000000001 5.657e-06
5605.8 5.7120000000000005e-06
5608.5 5.478e-06
5611.1 5.217e-06
5613.8 5.216e-06
5616.4 5.415e-06
5619.099999999999 5.744e-06
5621.7 5.858e-06
5624.400000000001 5.819999999999999e-06
5627.0 5.5640000000000004e-06
5629.700000000001 5.335e-06
5632.3 5.178e-06
5635.0 5.244e-06
5637.6 5.3280000000000005e-06
5640.299999999999 5.377999999999999e-06
5643.0 5.4690000000000005e-06
5645.599999999999 5.585e-06
5648.3 5.565e-06
5650.900000000001 5.395e-06
5653.6 5.197e-06
5656.2 5.191e-06
5658.9 5.259e-06
5661.5 5.359000000000001e-06
5664.2 5.489e-06
5666.799999999999 5.582e-06
5669.5 5.525e-06
5672.1 5.457e-06
5674.8 5.408e-06
5677.4 5.492e-06
5680.1 5.383e-06
5682.799999999999 5.325e-06
5685.4 5.172e-06
5688.099999999999 5.284999999999999e-06
5690.700000000001 5.4300000000000005e-06
5693.400000000001 5.588e-06
5696.0 5.707999999999999e-06
5698.7 5.591e-06
5701.3 5.5810000000000004e-06
5704.0 5.405e-06
5706.599999999999 5.443e-06
5709.299999999999 5.337e-06
5711.900000000001 5.359000000000001e-06
5714.6 5.3939999999999995e-06
5717.200000000001 5.565e-06
5719.9 5.651000000000001e-06
5722.6 5.684e-06
5725.2 5.551000000000001e-06
5727.9 5.5320000000000006e-06
5730.5 5.486e-06
5733.200000000001 5.500000000000001e-06
5735.8 5.457e-06
5738.5 5.4010000000000005e-06
5741.1 5.467999999999999e-06
5743.8 5.500000000000001e-06
5746.4 5.53e-06
5749.099999999999 5.395e-06
5751.7 5.343e-06
5754.400000000001 5.2869999999999995e-06
5757.0 5.3939999999999995e-06
5759.700000000001 5.305e-06
5762.4 5.321e-06
5765.0 5.316999999999999e-06
5767.7 5.4300000000000005e-06
5770.299999999999 5.447999999999999e-06
5773.0 5.405e-06
5775.599999999999 5.358e-06
5778.3 5.359000000000001e-06
5780.900000000001 5.3280000000000005e-06
5783.6 5.330000000000001e-06
5786.2 5.233999999999999e-06
5788.9 5.219e-06
5791.5 5.239e-06
5794.2 5.261e-06
5796.799999999999 5.335999999999999e-06
5799.5 5.366e-06
5802.200000000001 5.516e-06
5804.8 5.525e-06
5807.5 5.453e-06
5810.1 5.337e-06
5812.799999999999 5.347e-06
5815.4 5.413e-06
5818.099999999999 5.5859999999999995e-06
5820.700000000001 5.6979999999999995e-06
5823.400000000001 5.732e-06
5826.0 5.585e-06
5828.7 5.572e-06
5831.3 5.5640000000000004e-06
5834.0 5.562e-06
5836.7 5.5469999999999996e-06
5839.299999999999 5.693e-06
5842.0 6.552e-06
5844.6 6.469e-06
5847.3 6.3590000000000004e-06
5849.9 5.518999999999999e-06
5852.6 5.5930000000000005e-06
5855.2 5.490000000000001e-06
5857.9 5.563e-06
5860.5 5.923000000000001e-06
5863.200000000001 6.735e-06
5865.8 7.177e-06
5868.5 7.092000000000001e-06
5871.1 6.52e-06
5873.8 6.309e-06
5876.5 6.1429999999999995e-06
5879.099999999999 6.13e-06
5881.799999999999 6.259e-06
5884.400000000001 1.1034999999999999e-05
5887.1 1.6267000000000002e-05
5889.700000000001 2.048e-05
5892.4 1.8658e-05
5895.0 1.5205e-05
5897.7 1.112e-05
5900.299999999999 8.3e-06
5903.0 6.691e-06
5905.599999999999 6.491e-06
5908.3 6.6049999999999994e-06
5910.900000000001 6.935e-06
5913.6 7.161e-06
5916.3 7.0909999999999995e-06
5918.9 6.8230000000000006e-06
5921.599999999999 6.585999999999999e-06
5924.2 6.488e-06
5926.900000000001 6.646999999999999e-06
5929.5 7.058e-06
5932.200000000001 7.4729999999999994e-06
5934.8 7.067e-06
5937.5 6.392e-06
5940.1 5.915e-06
5942.799999999999 6.11e-06
5945.4 6.271e-06
5948.099999999999 6.627999999999999e-06
5950.700000000001 6.928999999999999e-06
5953.400000000001 6.951000000000001e-06
5956.1 6.546e-06
5958.7 6.0019999999999995e-06
5961.4 5.818e-06
5964.0 5.816e-06
5966.7 6.0699999999999995e-06
5969.299999999999 6.321e-06
5972.0 6.564e-06
5974.6 6.758999999999999e-06
5977.3 6.6849999999999995e-06
5979.9 6.392e-06
5982.6 5.984000000000001e-06
5985.2 5.885e-06
5987.9 6.0160000000000005e-06
5990.5 5.976e-06
5993.200000000001 5.883e-06
5995.900000000001 5.836e-06
5998.5 5.906e-06
6001.2 6.068e-06
6003.8 5.982e-06
6006.5 5.898e-06
6009.099999999999 5.671e-06
6011.799999999999 5.56e-06
6014.400000000001 5.4449999999999995e-06
6017.1 5.382e-06
6019.700000000001 5.318000000000001e-06
6022.4 5.296e-06
6025.0 5.396e-06
6027.7 5.512e-06
6030.299999999999 5.558e-06
6033.0 5.499e-06
6035.700000000001 5.422e-06
6038.3 5.385e-06
6041.0 5.374999999999999e-06
6043.6 5.371e-06
6046.3 5.309e-06
6048.9 5.196e-06
6051.599999999999 5.075e-06
6054.2 5e-06
6056.900000000001 5.011e-06
6059.5 5.074e-06
6062.200000000001 5.181e-06
6064.8 5.228000000000001e-06
6067.5 5.142e-06
6070.1 5.118e-06
6072.799999999999 5.0439999999999995e-06
6075.5 5.133e-06
6078.099999999999 5.033e-06
6080.8 5.063e-06
6083.400000000001 5.001e-06
6086.1 5.009e-06
6088.7 5.014e-06
6091.4 5.014999999999999e-06
6094.0 5.111e-06
6096.7 5.137e-06
6099.299999999999 5.155e-06
6102.0 5.11e-06
6104.6 5.137e-06
6107.3 5.1190000000000005e-06
6110.0 5.0970000000000005e-06
6112.6 4.967e-06
6115.299999999999 4.956e-06
6117.9 4.84e-06
6120.599999999999 4.808e-06
6123.200000000001 4.84e-06
6125.900000000001 4.8859999999999995e-06
6128.5 4.906e-06
6131.2 4.805e-06
6133.8 5.0729999999999995e-06
6136.5 5.335e-06
6139.099999999999 5.592e-06
6141.799999999999 5.4449999999999995e-06
6144.400000000001 5.351e-06
6147.1 5.121e-06
6149.8 5.071e-06
6152.4 5.2990000000000004e-06
6155.1 5.7099999999999995e-06
6157.7 5.747e-06
6160.4 5.342e-06
6163.0 5.098e-06
6165.700000000001 5.312e-06
6168.3 5.633e-06
6171.0 8.650999999999999e-06
6173.6 8.548e-06
6176.3 8.33e-06
6178.9 5.132e-06
6181.599999999999 4.93e-06
6184.2 4.798e-06
6186.900000000001 4.767e-06
6189.6 4.741e-06
6192.200000000001 4.811e-06
6194.9 4.823e-06
6197.5 5.085e-06
6200.2 5.356e-06
6202.799999999999 5.4810000000000005e-06
6205.5 5.2600000000000005e-06
6208.099999999999 5.044999999999999e-06
6210.8 5.0319999999999994e-06
6213.400000000001 5.122e-06
6216.1 5.367e-06
6218.7 5.645e-06
6221.4 5.638e-06
6224.0 5.3010000000000006e-06
6226.7 5.071e-06
6229.400000000001 5.657e-06
6232.0 7.237e-06
6234.700000000001 8.516e-06
6237.3 8.809e-06
6240.0 7.791e-06
6242.6 6.768999999999999e-06
6245.299999999999 5.828e-06
6247.9 5.36e-06
6250.599999999999 5.4520000000000005e-06
6253.200000000001 6.44e-06
6255.900000000001 7.5770000000000005e-06
6258.5 7.916e-06
6261.2 7.377e-06
6263.8 6.654e-06
6266.5 6.22e-06
6269.2 5.911e-06
6271.799999999999 5.667e-06
6274.5 5.62e-06
6277.1 5.681e-06
6279.8 5.810999999999999e-06
6282.4 6.278e-06
6285.1 7.09e-06
6287.7 7.4e-06
6290.4 7.341e-06
6293.0 1.8589e-05
6295.700000000001 7.4684e-05
6298.3 0.000128578
6301.0 0.000156541
6303.6 0.000100938
6306.3 4.7374e-05
6309.0 7.178e-06
6311.599999999999 6.040999999999999e-06
6314.299999999999 5.235e-06
6316.900000000001 5.625e-06
6319.6 6.236e-06
6322.200000000001 6.332e-06
6324.9 6.907e-06
6327.5 7.228e-06
6330.2 7.746e-06
6332.799999999999 6.756e-06
6335.5 5.685e-06
6338.099999999999 4.897e-06
6340.8 4.845e-06
6343.400000000001 5.232e-06
6346.1 5.457e-06
6348.8 5.738e-06
6351.4 6.122e-06
6354.099999999999 6.822e-06
6356.7 1.2454000000000001e-05
6359.400000000001 2.8475e-05
6362.0 4.5381e-05
6364.700000000001 5.0956e-05
6367.3 3.4328e-05
6370.0 1.6406000000000002e-05
6372.6 5.01e-06
6375.299999999999 5.114999999999999e-06
6377.9 5.298000000000001e-06
6380.599999999999 5.439000000000001e-06
6383.3 5.590000000000001e-06
6385.900000000001 5.607e-06
6388.6 5.384e-06
6391.2 4.989e-06
6393.9 4.7420000000000005e-06
6396.5 4.632e-06
6399.2 4.706e-06
6401.799999999999 4.677e-06
6404.5 4.775e-06
6407.1 4.707e-06
6409.8 4.743e-06
6412.4 4.712e-06
6415.1 4.818e-06
6417.7 4.975e-06
6420.4 5.092e-06
6423.099999999999 5.014e-06
6425.700000000001 4.813e-06
6428.400000000001 4.683e-06
6431.0 4.645e-06
6433.7 4.564e-06
6436.3 4.429e-06
6439.0 4.377e-06
6441.599999999999 4.418e-06
6444.299999999999 4.527e-06
6446.900000000001 4.6329999999999995e-06
6449.6 4.802e-06
6452.200000000001 5.087000000000001e-06
6454.9 5.184e-06
6457.5 5.2529999999999995e-06
6460.2 5.844e-06
6462.9 6.7359999999999995e-06
6465.5 7.536e-06
6468.200000000001 7.4260000000000006e-06
6470.8 6.667e-06
6473.5 5.925e-06
6476.1 5.258e-06
6478.8 5.133e-06
6481.4 4.95e-06
6484.099999999999 4.933e-06
6486.7 4.757e-06
6489.400000000001 4.657e-06
6492.0 4.663e-06
6494.700000000001 4.7179999999999996e-06
6497.3 4.8030000000000004e-06
6500.0 4.842e-06
6502.7 5.11e-06
6505.299999999999 5.0439999999999995e-06
6508.0 4.929e-06
6510.599999999999 4.6400000000000005e-06
6513.3 4.703e-06
6515.900000000001 4.658e-06
6518.6 4.611e-06
6521.2 4.647e-06
6523.9 4.729e-06
6526.5 4.753e-06
6529.2 4.753e-06
6531.799999999999 4.739e-06
6534.5 4.806e-06
6537.1 4.848e-06
6539.8 4.937e-06
6542.5 4.958e-06
6545.1 4.845e-06
6547.799999999999 4.887e-06
6550.4 5.453e-06
6553.099999999999 5.5469999999999996e-06
6555.700000000001 5.5469999999999996e-06
6558.400000000001 4.9759999999999995e-06
6561.0 4.889e-06
6563.7 4.716e-06
6566.3 5.385e-06
6569.0 5.485e-06
6571.599999999999 5.556e-06
6574.299999999999 5.179e-06
6576.900000000001 5.079e-06
6579.6 5.077000000000001e-06
6582.3 4.743e-06
6584.9 4.805e-06
6587.6 4.751e-06
6590.2 4.724e-06
6592.9 4.719e-06
6595.5 4.723e-06
6598.200000000001 4.728e-06
6600.8 4.7420000000000005e-06
6603.5 4.7470000000000005e-06
6606.1 4.7689999999999996e-06
6608.8 4.708e-06
6611.4 4.84e-06
6614.099999999999 4.8270000000000005e-06
6616.7 4.846e-06
6619.400000000001 4.723e-06
6622.1 4.743e-06
6624.700000000001 4.934e-06
6627.4 5.133e-06
6630.0 5.123e-06
6632.7 4.964e-06
6635.299999999999 4.864e-06
6638.0 4.866e-06
6640.599999999999 4.831e-06
6643.3 4.744e-06
6645.900000000001 4.764e-06
6648.6 4.7710000000000006e-06
6651.2 4.8030000000000004e-06
6653.9 4.838e-06
6656.599999999999 4.867e-06
6659.2 4.847e-06
6661.900000000001 4.804e-06
6664.5 4.848e-06
6667.200000000001 4.85e-06
6669.8 4.854e-06
6672.5 4.79e-06
6675.1 4.794e-06
6677.799999999999 4.817e-06
6680.4 4.821e-06
6683.099999999999 4.8249999999999995e-06
6685.700000000001 4.81e-06
6688.400000000001 4.814e-06
6691.0 4.818e-06
6693.7 4.824e-06
6696.4 4.925e-06
6699.0 4.955e-06
6701.7 4.957e-06
6704.299999999999 5.01e-06
6707.0 5.188e-06
6709.6 5.472e-06
6712.3 5.4279999999999995e-06
6714.9 5.382e-06
6717.6 5.2600000000000005e-06
6720.2 5.194999999999999e-06
6722.9 5.162e-06
6725.5 5.052e-06
6728.200000000001 5.026000000000001e-06
6730.8 4.9170000000000005e-06
6733.5 5.191e-06
6736.2 5.194999999999999e-06
6738.8 5.1990000000000005e-06
6741.5 4.906e-06
6744.099999999999 4.924e-06
6746.799999999999 4.938e-06
6749.400000000001 4.9419999999999994e-06
6752.1 4.935e-06
6754.700000000001 4.958e-06
6757.4 4.95e-06
6760.0 4.986e-06
6762.7 4.98e-06
6765.299999999999 4.981e-06
6768.0 5.072e-06
6770.599999999999 5.2359999999999995e-06
6773.3 5.241e-06
6776.0 5.141e-06
6778.6 4.9659999999999995e-06
6781.3 4.9680000000000005e-06
6783.9 4.954e-06
6786.599999999999 4.959e-06
6789.2 5.169e-06
6791.900000000001 5.175e-06
6794.5 5.218000000000001e-06
6797.200000000001 5.208000000000001e-06
6799.8 5.21e-06
6802.5 5.1729999999999994e-06
6805.1 4.984e-06
6807.799999999999 4.988e-06
6810.4 4.992e-06
6813.099999999999 4.996e-06
6815.8 5e-06
6818.400000000001 5.004e-06
6821.1 5.008e-06
6823.7 5.012e-06
6826.4 5.208000000000001e-06
6829.0 5.263e-06
6831.7 8.669e-06
6834.299999999999 8.483e-06
6837.0 8.438e-06
6839.6 5.183e-06
6842.3 5.1870000000000005e-06
6844.9 5.191e-06
6847.6 5.048000000000001e-06
6850.2 5.051e-06
6852.9 5.055e-06
6855.599999999999 5.059e-06
6858.200000000001 5.063e-06
6860.900000000001 1.0087999999999999e-05
6863.5 1.0097e-05
6866.2 1.0106e-05
6868.8 5.1849999999999995e-06
6871.5 5.189000000000001e-06
6874.099999999999 5.192e-06
6876.799999999999 5.089e-06
6879.400000000001 5.273e-06
6882.1 5.277e-06
6884.700000000001 5.292e-06
6887.4 5.114999999999999e-06
6890.0 5.15e-06
6892.7 5.143e-06
6895.4 5.175999999999999e-06
6898.0 7.738000000000001e-06
6900.700000000001 7.746e-06
6903.3 7.778e-06
6906.0 5.183e-06
6908.6 5.1870000000000005e-06
6911.3 5.138000000000001e-06
6913.9 5.142e-06
6916.599999999999 5.268e-06
6919.2 5.272e-06
6921.900000000001 5.276e-06
6924.5 5.1559999999999994e-06
6927.200000000001 5.16e-06
6929.9 5.1629999999999995e-06
6932.5 5.251e-06
6935.2 5.345999999999999e-06
6937.799999999999 5.483e-06
6940.5 5.418e-06
6943.099999999999 5.345e-06
6945.8 5.2139999999999995e-06
6948.400000000001 5.342e-06
6951.1 5.396e-06
6953.7 5.5930000000000005e-06
6956.4 5.747e-06
6959.0 5.848e-06
6961.7 5.707e-06
6964.299999999999 5.45e-06
6967.0 5.921999999999999e-06
6969.700000000001 5.978e-06
6972.3 6.061e-06
6975.0 5.474e-06
6977.6 5.386e-06
6980.299999999999 5.28e-06
6982.9 5.24e-06
6985.599999999999 5.313e-06
6988.200000000001 5.3400000000000005e-06
6990.900000000001 5.343e-06
6993.5 5.348e-06
6996.2 5.37e-06
6998.8 5.499e-06
7001.5 5.457e-06
7004.099999999999 5.418e-06
7006.799999999999 5.295e-06
7009.5 5.263e-06
7012.1 5.265999999999999e-06
7014.8 5.269000000000001e-06
7017.4 5.272e-06
7020.1 5.274e-06
7022.7 5.277e-06
7025.4 5.284e-06
7028.0 5.32e-06
7030.700000000001 5.338e-06
7033.3 5.335999999999999e-06
7036.0 5.349000000000001e-06
7038.6 5.7609999999999996e-06
7041.3 5.9140000000000005e-06
7043.9 5.877e-06
7046.599999999999 5.47e-06
7049.299999999999 5.442000000000001e-06
7051.900000000001 5.442000000000001e-06
7054.6 5.431e-06
7057.200000000001 5.4400000000000004e-06
7059.9 5.5689999999999995e-06
7062.5 5.572e-06
7065.2 5.48e-06
7067.799999999999 5.601e-06
7070.5 5.805e-06
7073.099999999999 5.777e-06
7075.8 5.633e-06
7078.400000000001 5.522000000000001e-06
7081.1 5.526e-06
7083.7 5.432e-06
7086.4 5.349000000000001e-06
7089.099999999999 5.3549999999999996e-06
7091.7 5.358e-06
7094.400000000001 5.425e-06
7097.0 5.4400000000000004e-06
7099.700000000001 5.443e-06
7102.3 5.377999999999999e-06
7105.0 5.654e-06
7107.6 5.762e-06
7110.299999999999 5.767e-06
7112.9 5.4810000000000005e-06
7115.599999999999 5.3790000000000005e-06
7118.200000000001 5.381e-06
7120.900000000001 5.384e-06
7123.5 5.386e-06
7126.2 5.39e-06
7128.9 5.449000000000001e-06
7131.5 5.453e-06
7134.2 5.456e-06
7136.799999999999 5.504e-06
7139.5 5.507e-06
7142.1 5.511e-06
7144.8 5.411e-06
7147.4 5.414e-06
7150.1 5.417e-06
7152.7 5.451e-06
7155.4 5.543e-06
7158.0 5.5469999999999996e-06
7160.700000000001 5.518999999999999e-06
7163.3 5.478e-06
7166.0 5.482e-06
7168.7 5.485e-06
7171.3 5.443e-06
7174.0 5.446e-06
7176.599999999999 5.485e-06
7179.299999999999 5.488e-06
7181.900000000001 5.4910000000000005e-06
7184.6 5.459000000000001e-06
7187.200000000001 5.463e-06
7189.9 5.466e-06
7192.5 5.4690000000000005e-06
7195.2 5.473e-06
7197.799999999999 5.476e-06
7200.5 5.48e-06
7203.200000000001 5.484e-06
7205.8 5.488e-06
7208.5 5.492e-06
7211.1 5.495e-06
7213.8 5.499e-06
7216.4 5.5030000000000005e-06
7219.099999999999 5.507e-06
7221.7 5.533e-06
7224.400000000001 5.537e-06
7227.0 5.563e-06
7229.700000000001 5.545e-06
7232.3 5.549e-06
7235.0 5.531e-06
7237.6 6.681e-06
7240.299999999999 6.687999999999999e-06
7243.0 7.66e-06
7245.599999999999 6.636999999999999e-06
7248.3 6.671e-06
7250.900000000001 5.7050000000000004e-06
7253.6 5.627999999999999e-06
7256.2 5.603e-06
7258.9 5.607e-06
7261.5 5.570000000000001e-06
7264.2 5.574e-06
7266.799999999999 5.659999999999999e-06
7269.5 5.664e-06
7272.1 6.607e-06
7274.8 6.531e-06
7277.4 6.536999999999999e-06
7280.1 5.598e-06
7282.799999999999 5.665e-06
7285.4 5.669999999999999e-06
7288.099999999999 5.697e-06
7290.700000000001 5.656e-06
7293.400000000001 7.461e-06
7296.0 7.445000000000001e-06
7298.7 7.4339999999999995e-06
7301.3 5.906e-06
7304.0 5.917e-06
7306.599999999999 5.921e-06
7309.299999999999 5.917e-06
7311.900000000001 5.916e-06
7314.6 6.198e-06
7317.200000000001 6.266000000000001e-06
7319.9 6.271e-06
7322.6 5.997e-06
7325.2 5.666e-06
7327.9 5.707e-06
7330.5 5.7099999999999995e-06
7333.200000000001 5.715e-06
7335.8 5.682e-06
7338.5 2.3105000000000003e-05
7341.1 2.3272e-05
7343.8 2.3304e-05
7346.4 5.887e-06
7349.099999999999 5.765e-06
7351.7 5.768999999999999e-06
7354.400000000001 5.867e-06
7357.0 5.862000000000001e-06
7359.700000000001 5.921999999999999e-06
7362.4 5.7779999999999996e-06
7365.0 5.843000000000001e-06
7367.7 5.79e-06
7370.299999999999 5.9919999999999996e-06
7373.0 5.962e-06
7375.599999999999 6.149e-06
7378.3 5.998e-06
7380.900000000001 6.202e-06
7383.6 6.024e-06
7386.2 5.9919999999999996e-06
7388.9 5.774e-06
7391.5 5.776e-06
7394.2 5.774e-06
7396.799999999999 5.819999999999999e-06
7399.5 5.901e-06
7402.200000000001 5.908e-06
7404.8 5.872000000000001e-06
7407.5 5.895e-06
7410.1 6.267e-06
7412.799999999999 6.288000000000001e-06
7415.4 6.507e-06
7418.099999999999 6.138e-06
7420.700000000001 6.207e-06
7423.400000000001 5.898e-06
7426.0 6.137e-06
7428.7 6.05e-06
7431.3 6.133999999999999e-06
7434.0 5.9019999999999996e-06
7436.599999999999 6.069e-06
7439.299999999999 6.040999999999999e-06
7442.0 6.0699999999999995e-06
7444.6 5.911e-06
7447.3 5.9140000000000005e-06
7449.9 6.028e-06
7452.6 6.031999999999999e-06
7455.2 6.002999999999999e-06
7457.9 6.0089999999999996e-06
7460.5 6.033e-06
7463.200000000001 6.152999999999999e-06
7465.8 6.133999999999999e-06
7468.5 8.018999999999999e-06
7471.1 8.320999999999999e-06
7473.8 8.217e-06
7476.4 7.317e-06
7479.099999999999 7.035e-06
7481.799999999999 7.251e-06
7484.400000000001 6.278e-06
7487.1 6.2080000000000005e-06
7489.700000000001 5.9940000000000005e-06
7492.4 6.008e-06
7495.0 6.089e-06
7497.7 6.278e-06
7500.299999999999 6.412e-06
7503.0 6.283e-06
7505.599999999999 6.274999999999999e-06
7508.3 6.979999999999999e-06
7510.900000000001 7.008999999999999e-06
7513.6 7.374000000000001e-06
7516.3 6.571e-06
7518.9 6.578e-06
7521.599999999999 9.857e-06
7524.2 9.859e-06
7526.900000000001 9.937e-06
7529.5 6.401e-06
7532.200000000001 6.571e-06
7534.8 6.555e-06
7537.5 6.8330000000000005e-06
7540.1 6.793e-06
7542.799999999999 6.7359999999999995e-06
7545.4 6.191999999999999e-06
7548.099999999999 6.277e-06
7550.700000000001 6.661e-06
7553.400000000001 6.749000000000001e-06
7556.1 6.516e-06
7558.7 6.178e-06
7561.4 6.2839999999999995e-06
7564.0 6.414e-06
7566.7 6.375e-06
7569.299999999999 1.2702e-05
7572.0 1.3436999999999999e-05
7574.6 1.343e-05
7577.3 6.9520000000000005e-06
7579.9 6.156e-06
7582.6 6.24e-06
7585.2 6.205000000000001e-06
7587.9 6.143999999999999e-06
7590.5 6.117e-06
7593.200000000001 6.122e-06
7595.900000000001 8.086e-06
7598.5 8.046e-06
7601.2 8.051e-06
7603.8 6.097e-06
7606.5 6.103e-06
7609.099999999999 6.108e-06
7611.799999999999 6.1960000000000005e-06
7614.400000000001 6.202e-06
7617.1 6.322e-06
7619.700000000001 6.436e-06
7622.4 6.441e-06
7625.0 6.35e-06
7627.7 6.166000000000001e-06
7630.299999999999 6.246000000000001e-06
7633.0 6.2350000000000004e-06
7635.700000000001 6.256000000000001e-06
7638.3 6.188e-06
7641.0 6.1939999999999995e-06
7643.6 6.472e-06
7646.3 6.479e-06
7648.9 6.485e-06
7651.599999999999 6.203e-06
7654.2 6.209e-06
7656.900000000001 6.216e-06
7659.5 8.233e-06
7662.200000000001 8.241000000000001e-06
7664.8 8.248e-06
7667.5 6.241e-06
7670.1 6.287e-06
7672.799999999999 6.293999999999999e-06
7675.5 6.3e-06
7678.099999999999 6.293999999999999e-06
7680.8 6.3e-06
7683.400000000001 6.317000000000001e-06
7686.1 6.296e-06
7688.7 6.545e-06
7691.4 6.542e-06
7694.0 6.549e-06
7696.7 6.6700000000000005e-06
7699.299999999999 6.730000000000001e-06
7702.0 6.7359999999999995e-06
7704.6 6.687e-06
7707.3 6.840000000000001e-06
7709.9 2.4653999999999998e-05
7712.6 2.8043999999999998e-05
7715.299999999999 3.1655999999999996e-05
7717.9 1.4214e-05
7720.599999999999 1.0719e-05
7723.200000000001 1.0584e-05
7725.900000000001 1.0232000000000001e-05
7728.5 1.0127e-05
7731.2 6.723e-06
7733.8 6.730000000000001e-06
7736.5 6.664e-06
7739.099999999999 6.4610000000000005e-06
7741.799999999999 6.468000000000001e-06
7744.400000000001 6.51e-06
7747.1 6.658e-06
7749.700000000001 6.86e-06
7752.4 6.832e-06
7755.1 6.658e-06
7757.7 6.749000000000001e-06
7760.4 6.756e-06
7763.0 6.7749999999999995e-06
7765.700000000001 6.502e-06
7768.3 6.51e-06
7771.0 7.148e-06
7773.6 7.156e-06
7776.3 7.163000000000001e-06
7778.9 6.528000000000001e-06
7781.599999999999 6.581e-06
7784.2 6.8869999999999995e-06
7786.900000000001 7.004e-06
7789.6 7.377e-06
7792.200000000001 7.12e-06
7794.9 7.017e-06
7797.5 6.614999999999999e-06
7800.2 6.755e-06
7802.799999999999 6.762000000000001e-06
7805.5 1.0452e-05
7808.099999999999 1.029e-05
7810.8 1.0296000000000001e-05
7813.400000000001 6.834e-06
7816.1 7.331e-06
7818.7 4.5911e-05
7821.4 4.568800000000001e-05
7824.0 4.5185e-05
7826.7 6.732e-06
7829.400000000001 6.740000000000001e-06
7832.0 6.747e-06
7834.700000000001 6.6949999999999994e-06
7837.3 6.703e-06
7840.0 6.712e-06
7842.6 6.711000000000001e-06
7845.299999999999 6.72e-06
7847.9 6.785e-06
7850.599999999999 3.5219e-05
7853.200000000001 3.521e-05
7855.900000000001 3.5144999999999996e-05
7858.5 6.7600000000000005e-06
7861.2 6.767999999999999e-06
7863.8 6.776e-06
7866.5 6.784e-06
7869.2 6.793e-06
7871.799999999999 6.801000000000001e-06
7874.5 6.8089999999999995e-06
7877.1 6.818e-06
7879.8 6.8259999999999995e-06
7882.4 6.835e-06
7885.1 6.93e-06
7887.7 7.825e-06
7890.4 7.834e-06
7893.0 7.756e-06
7895.700000000001 6.879e-06
7898.3 6.888e-06
7901.0 6.897e-06
7903.6 6.906e-06
7906.3 6.915e-06
7909.0 6.942000000000001e-06
7911.599999999999 6.951000000000001e-06
7914.299999999999 6.9599999999999994e-06
7916.900000000001 7.275000000000001e-06
7919.6 7.2850000000000006e-06
7922.200000000001 7.294000000000001e-06
7924.9 6.979e-06
7927.5 7.239e-06
7930.2 7.248e-06
7932.799999999999 7.257e-06
7935.5 7.016e-06
7938.099999999999 7.0250000000000005e-06
7940.8 7.040999999999999e-06
7943.400000000001 7.421e-06
7946.1 7.687000000000001e-06
7948.8 7.690000000000001e-06
7951.4 7.38e-06
7954.099999999999 7.134000000000001e-06
7956.7 7.1440000000000005e-06
7959.400000000001 7.102000000000001e-06
7962.0 3.3682e-05
7964.700000000001 3.3699e-05
7967.3 3.3717e-05
7970.0 7.1419999999999996e-06
7972.6 7.199e-06
7975.299999999999 7.209e-06
7977.9 7.219e-06
7980.599999999999 7.1830000000000005e-06
7983.200000000001 7.194e-06
7985.900000000001 7.204000000000001e-06
7988.6 7.304000000000001e-06
7991.2 7.571e-06
7993.9 7.5819999999999996e-06
7996.5 7.5019999999999995e-06
7999.2 7.27e-06
8001.799999999999 7.328e-06
8004.5 7.339e-06
8007.1 7.337e-06
8009.8 7.301e-06
8012.4 7.999e-06
8015.1 8.011e-06
8017.7 9.146e-06
8020.4 8.558e-06
8023.0 2.3842e-05
8025.700000000001 2.3763e-05
8028.400000000001 2.3718e-05
8031.0 8.448e-06
8033.7 7.462e-06
8036.3 7.551e-06
8039.0 7.514999999999999e-06
8041.599999999999 7.514999999999999e-06
8044.299999999999 7.4480000000000005e-06
8046.900000000001 7.849e-06
8049.6 1.0071e-05
8052.200000000001 1.0216e-05
8054.9 1.0042e-05
8057.5 8.181e-06
8060.2 8.065e-06
8062.9 7.995e-06
8065.5 7.954e-06
8068.200000000001 8.285e-06
8070.8 8.177e-06
8073.5 8.143e-06
8076.1 8.151e-06
8078.8 8.57e-06
8081.4 9.262e-06
8084.099999999999 8.976e-06
8086.7 8.582e-06
8089.400000000001 7.668e-06
8092.0 7.695999999999999e-06
8094.700000000001 7.857e-06
8097.3 7.872e-06
8100.0 1.1174e-05
8102.7 1.1037999999999998e-05
8105.299999999999 1.1424000000000001e-05
8108.0 8.165e-06
8110.599999999999 8.333e-06
8113.3 8.037e-06
8115.900000000001 8.134e-06
8118.6 8.216e-06
8121.2 8.188e-06
8123.9 8.541e-06
8126.5 8.404000000000001e-06
8129.2 8.652e-06
8131.799999999999 8.248e-06
8134.5 8.271e-06
8137.1 8.300999999999999e-06
8139.8 8.407e-06
8142.5 8.428e-06
8145.1 8.772e-06
8147.799999999999 1.0703e-05
8150.4 1.0681e-05
8153.099999999999 1.036e-05
8155.700000000001 8.607e-06
8158.400000000001 8.562e-06
8161.0 8.333e-06
8163.7 9.099e-06
8166.3 9.59e-06
8169.0 9.923e-06
8171.599999999999 8.922e-06
8174.299999999999 8.478e-06
8176.900000000001 8.316e-06
8179.6 8.356e-06
8182.3 8.379e-06
8184.9 9.403e-06
8187.6 9.679e-06
8190.2 9.991e-06
8192.9 9.806e-06
8195.5 9.481000000000001e-06
8198.2 9.166e-06
8200.800000000001 8.195e-06
8203.5 8.208e-06
8206.1 8.412e-06
8208.8 8.633e-06
8211.4 8.744e-06
8214.1 8.592e-06
8216.699999999999 8.466e-06
8219.400000000001 8.652e-06
8222.1 8.697e-06
8224.7 8.759e-06
8227.4 8.767000000000001e-06
8230.0 8.735e-06
8232.7 8.843e-06
8235.3 8.604000000000001e-06
8238.0 8.601e-06
8240.599999999999 8.386e-06
8243.300000000001 8.864999999999999e-06
8245.9 8.903e-06
8248.6 9.165e-06
8251.2 8.695e-06
8253.9 8.945e-06
8256.5 9.175e-06
8259.199999999999 9.724e-06
8261.900000000001 1.0264e-05
8264.5 9.963e-06
8267.2 9.442e-06
8269.8 9.081e-06
8272.5 8.942e-06
8275.1 1.1047e-05
8277.8 1.0646e-05
8280.4 1.0663000000000001e-05
8283.099999999999 8.679e-06
8285.7 3.7904e-05
8288.4 3.8571e-05
8291.0 3.8685e-05
8293.7 1.5739e-05
8296.3 3.0458e-05
8299.0 3.0663e-05
8301.699999999999 2.434e-05
8304.3 9.379e-06
8307.0 9.084e-06
8309.6 9.099e-06
8312.3 8.958e-06
8314.9 9.552000000000001e-06
8317.6 9.568e-06
8320.2 9.361e-06
8322.9 8.795e-06
8325.5 8.808000000000001e-06
8328.2 8.823e-06
8330.800000000001 8.838e-06
8333.5 8.853e-06
8336.2 9.181e-06
8338.8 9.771999999999999e-06
8341.5 1.8454e-05
8344.1 1.8312e-05
8346.8 1.868e-05
8349.400000000001 1.0014000000000001e-05
8352.1 1.0024e-05
8354.7 9.117e-06
8357.4 9.224e-06
8360.0 9.099e-06
8362.7 9.754e-06
8365.3 9.681e-06
8368.0 9.699e-06
8370.599999999999 9.311000000000001e-06
8373.300000000001 9.328e-06
8376.0 9.354e-06
8378.6 9.134e-06
8381.3 1.004e-05
8383.9 1.0082e-05
8386.6 1.0101e-05
8389.199999999999 9.225e-06
8391.900000000001 9.232e-06
8394.5 9.482e-06
8397.2 9.974e-06
8399.8 9.969e-06
8402.5 9.753e-06
8405.1 1.0813999999999998e-05
8407.8 1.1439999999999999e-05
8410.4 1.1479e-05
8413.099999999999 1.0666e-05
8415.800000000001 1.0195000000000001e-05
8418.4 1.0496e-05
8421.1 1.0469e-05
8423.7 1.1007e-05
8426.4 1.1799e-05
8429.0 1.1290999999999999e-05
8431.699999999999 1.1535e-05
8434.3 1.0723e-05
8437.0 1.0703e-05
8439.6 9.892e-06
8442.3 9.669e-06
8444.9 9.625e-06
8447.6 9.612e-06
8450.2 9.909e-06
8452.9 9.919e-06
8455.599999999999 9.94e-06
8458.2 9.681e-06
8460.9 9.700999999999999e-06
8463.5 9.720999999999999e-06
8466.2 1.0096000000000001e-05
8468.8 1.0126e-05
8471.5 1.0145999999999999e-05
8474.1 9.81e-06
8476.8 9.821e-06
8479.400000000001 9.841e-06
8482.1 9.862e-06
8484.7 9.882e-06
8487.4 9.903e-06
8490.0 1.0008e-05
8492.7 1.0028999999999998e-05
8495.4 1.0649e-05
8498.0 1.0587e-05
8500.7 1.0786e-05
8503.300000000001 1.0478e-05
8506.0 1.0527e-05
8508.6 1.0371999999999998e-05
8511.3 1.0604e-05
8513.9 1.0619000000000001e-05
8516.6 1.0671e-05
8519.199999999999 1.0549e-05
8521.900000000001 1.0952e-05
8524.5 1.0944e-05
8527.2 1.0626e-05
8529.8 1.0244e-05
8532.5 1.0266e-05
8535.2 1.0289e-05
8537.8 1.0310999999999998e-05
8540.5 1.0333000000000001e-05
8543.099999999999 1.0355000000000002e-05
8545.800000000001 1.4692000000000001e-05
8548.4 1.4718e-05
8551.1 1.4744e-05
8553.7 1.0442000000000001e-05
8556.4 1.0465e-05
8559.0 1.0487e-05
8561.699999999999 1.051e-05
8564.3 1.0532999999999999e-05
8567.0 1.0556e-05
8569.6 1.0579e-05
8572.3 1.0602000000000001e-05
8575.0 1.0625e-05
8577.6 1.0648e-05
8580.3 1.0671999999999999e-05
8582.9 1.0694999999999998e-05
8585.599999999999 1.2569999999999998e-05
8588.2 1.2596000000000001e-05
8590.9 1.2622e-05
8593.5 1.1188e-05
8596.2 1.1212e-05
8598.8 1.1235999999999999e-05
8601.5 1.0861e-05
8604.1 1.0885e-05
8606.8 1.0909e-05
8609.5 1.0933e-05
8612.1 1.0958e-05
8614.8 1.0982000000000001e-05
8617.4 1.1109e-05
8620.1 1.5223e-05
8622.7 1.5255e-05
8625.4 2.3842e-05
8628.0 1.9777e-05
8630.7 2.2203e-05
8633.300000000001 1.3542e-05
8636.0 1.3571e-05
8638.6 1.1202e-05
8641.3 1.1227000000000001e-05
8643.9 1.4376e-05
8646.6 1.5292e-05
8649.3 1.5321e-05
8651.900000000001 1.549e-05
8654.6 1.4629000000000002e-05
8657.2 1.4658e-05
8659.9 1.1404000000000001e-05
8662.5 1.9179e-05
8665.2 1.9213e-05
8667.8 2.9085e-05
8670.5 2.1356e-05
8673.099999999999 2.8553999999999998e-05
8675.800000000001 1.8848e-05
8678.4 2.1411e-05
8681.1 1.4262999999999999e-05
8683.7 1.4175e-05
8686.4 1.1665000000000001e-05
8689.1 1.2673e-05
8691.699999999999 1.2701000000000001e-05
8694.400000000001 1.2729999999999998e-05
8697.0 1.1832e-05
8699.7 1.1859e-05
8702.3 1.1883999999999998e-05
8705.0 1.1872000000000001e-05
8707.6 1.19e-05
8710.3 1.1927000000000001e-05
8712.9 1.1932e-05
8715.599999999999 1.1959e-05
8718.2 1.1986000000000002e-05
8720.9 1.2014e-05
8723.5 1.2042e-05
8726.2 1.2070000000000001e-05
8728.9 1.2098e-05
8731.5 1.2125999999999999e-05
8734.199999999999 1.2154000000000001e-05
8736.8 1.2182e-05
8739.5 1.2211e-05
8742.1 1.2916000000000001e-05
8744.8 1.2946e-05
8747.4 1.344e-05
8750.1 1.2827e-05
8752.7 1.2857e-05
8755.4 1.3430999999999999e-05
8758.0 1.862e-05
8760.7 1.8933e-05
8763.300000000001 3.4878e-05
8766.0 3.0654e-05
8768.7 3.0406e-05
8771.3 1.3504e-05
8774.0 1.2607999999999999e-05
8776.6 1.2639e-05
8779.3 1.2667e-05
8781.900000000001 1.2717e-05
8784.6 1.3052e-05
8787.2 1.3082000000000001e-05
8789.9 1.3068e-05
8792.5 1.279e-05
8795.2 1.2820000000000001e-05
8797.8 1.2849999999999999e-05
8800.5 1.2879e-05
8803.099999999999 1.2910999999999999e-05
8805.800000000001 1.2942e-05
8808.5 1.2971999999999999e-05
8811.1 1.3003e-05
8813.8 1.3034e-05
8816.4 1.3065e-05
8819.1 1.3096000000000001e-05
8821.699999999999 1.3441e-05
8824.400000000001 0.00014252200000000002
8827.0 0.000142835
8829.7 0.00014289400000000002
8832.3 1.3426e-05
8835.0 1.3692e-05
8837.6 1.3604e-05
8840.3 1.3636999999999998e-05
8842.9 1.3379e-05
8845.599999999999 1.3411e-05
8848.300000000001 1.3885e-05
8850.9 1.3919999999999999e-05
8853.6 1.3951e-05
8856.2 1.3539e-05
8858.9 1.3567e-05
8861.5 1.36e-05
8864.199999999999 1.4735e-05
8866.8 1.4769e-05
8869.5 1.4802999999999999e-05
8872.1 1.3731e-05
8874.8 1.3764e-05
8877.4 1.3796999999999999e-05
8880.1 1.3829000000000001e-05
8882.7 3.9591e-05
8885.4 3.9672e-05
8888.099999999999 3.9754e-05
8890.7 1.3964e-05
8893.4 1.3997e-05
8896.0 1.4031e-05
8898.7 1.4065e-05
8901.3 1.4128000000000001e-05
8904.0 1.4162e-05
8906.6 1.4197e-05
8909.3 1.4201999999999999e-05
8911.900000000001 1.4236e-05
8914.6 1.4271000000000001e-05
8917.2 1.9479e-05
8919.9 1.9523999999999998e-05
8922.6 1.9569000000000002e-05
8925.2 1.4410000000000001e-05
8927.9 1.4445e-05
8930.5 1.4478e-05
8933.2 1.4512000000000001e-05
8935.800000000001 1.4546e-05
8938.5 1.4581e-05
8941.1 2.6095e-05
8943.8 2.6154e-05
8946.4 2.6213e-05
8949.1 1.4954000000000001e-05
8951.699999999999 1.4991000000000001e-05
8954.400000000001 1.5027999999999999e-05
8957.0 1.4967e-05
8959.7 1.5003999999999999e-05
8962.4 1.5041e-05
8965.0 1.4941e-05
8967.7 1.4978e-05
8970.3 1.5015000000000001e-05
8973.0 1.5502e-05
8975.599999999999 1.5608e-05
8978.300000000001 1.696e-05
8980.9 1.662e-05
8983.6 1.6597e-05
8986.2 1.547e-05
8988.9 1.5434e-05
8991.5 1.5467e-05
8994.199999999999 1.535e-05
8996.8 1.5388e-05
8999.5 1.5908e-05
9002.2 1.619e-05
9004.8 1.6231e-05
9007.5 1.5781e-05
9010.1 1.6163e-05
9012.8 1.6258999999999998e-05
9015.4 1.63e-05
9018.099999999999 1.5785e-05
9020.7 1.5771e-05
9023.4 1.5810999999999998e-05
9026.0 1.667e-05
9028.7 1.6714e-05
9031.3 1.696e-05
9034.0 1.6322e-05
9036.6 1.7294e-05
9039.3 1.7134e-05
9042.0 1.8277e-05
9044.6 1.7475e-05
9047.3 2.7071000000000002e-05
9049.9 2.6132e-05
9052.6 2.6530000000000002e-05
9055.2 1.6944999999999998e-05
9057.9 1.6717e-05
9060.5 1.6351e-05
9063.2 1.6393e-05
9065.800000000001 1.6435e-05
9068.5 1.6476999999999998e-05
9071.1 1.6519e-05
9073.8 1.6561e-05
9076.4 1.6604000000000002e-05
9079.1 1.6647000000000002e-05
9081.8 1.7687e-05
9084.400000000001 1.7731e-05
9087.1 1.831e-05
9089.7 2.2703000000000003e-05
9092.4 2.3014e-05
9095.0 2.2541000000000003e-05
9097.7 1.7397e-05
9100.3 2.0115e-05
9103.0 2.0173e-05
9105.599999999999 2.0019e-05
9108.300000000001 1.7117e-05
9110.9 1.7406999999999998e-05
9113.6 1.7581e-05
9116.2 1.7627e-05
9118.9 1.7423999999999998e-05
9121.6 1.7932e-05
9124.199999999999 1.971e-05
9126.900000000001 1.9764e-05
9129.5 1.9217999999999998e-05
9132.2 1.7981e-05
9134.8 1.8028e-05
9137.5 1.8251e-05
9140.1 1.8537999999999998e-05
9142.8 1.8636e-05
9145.4 1.8979999999999998e-05
9148.099999999999 1.8349e-05
9150.7 1.9107000000000002e-05
9153.4 1.868e-05
9156.0 1.9437e-05
9158.7 5.2743e-05
9161.4 5.4622e-05
9164.0 5.4122e-05
9166.699999999999 1.9794e-05
9169.3 1.8569e-05
9172.0 1.8605e-05
9174.6 1.8868e-05
9177.3 1.9426e-05
9179.9 1.9821e-05
9182.6 2.0906e-05
9185.2 2.2421e-05
9187.9 2.3027e-05
9190.5 2.1913999999999997e-05
9193.2 2.0015e-05
9195.9 2.081e-05
9198.5 2.1574e-05
9200.0 3.1782e-05
9205.0 3.2047e-05
9210.0 3.1979e-05
9215.0 3.1802e-05
9220.0 3.1788e-05
9225.0 3.198e-05
9230.0 3.1975e-05
9235.0 3.1812e-05
9240.0 3.1657e-05
9245.0 3.1568e-05
9250.0 3.1536e-05
9255.0 3.1648e-05
9260.0 3.1674e-05
9265.0 3.1671e-05
9270.0 3.1744e-05
9275.0 3.1405e-05
9280.0 3.0764e-05
9285.0 3.0525e-05
9290.0 3.0478999999999997e-05
9295.0 3.0036999999999997e-05
9300.0 2.9916e-05
9305.0 3.9598e-05
9310.0 5.9038000000000006e-05
9315.0 6.441799999999999e-05
9320.0 4.9826e-05
9325.0 5.2659000000000005e-05
9330.0 4.0984e-05
9335.0 3.0042e-05
9340.0 3.0245000000000003e-05
9345.0 2.5053999999999998e-05
9350.0 2.402e-05
9355.0 2.4089e-05
9360.0 2.306e-05
9365.0 2.4529999999999997e-05
9370.0 3.0253e-05
9375.0 5.5259e-05
9380.0 7.2588e-05
9385.0 5.5344e-05
9390.0 4.6363e-05
9395.0 3.9266999999999995e-05
9400.0 3.3799e-05
9405.0 3.659e-05
9410.0 3.1803e-05
9415.0 3.1092e-05
9420.0 3.8049e-05
9425.0 3.7653e-05
9430.0 2.7828e-05
9435.0 3.6485e-05
9440.0 5.1923000000000004e-05
9445.0 4.5183e-05
9450.0 3.5035e-05
9455.0 3.3217e-05
9460.0 3.7808e-05
9465.0 3.3223e-05
9470.0 2.9281000000000003e-05
9475.0 4.9644e-05
9480.0 6.8836e-05
9485.0 4.3826000000000004e-05
9490.0 2.7865000000000002e-05
9495.0 2.6255000000000002e-05
9500.0 2.9732e-05
9505.0 3.6706e-05
9510.0 3.4888e-05
9515.0 3.9349e-05
9520.0 5.0984e-05
9525.0 4.5452000000000005e-05
9530.0 3.2049e-05
9535.0 2.7828e-05
9540.0 2.7463e-05
9545.0 2.6452e-05
9550.0 3.0752e-05
9555.0 3.4891e-05
9560.0 3.0935999999999997e-05
9565.0 3.5915e-05
9570.0 4.37e-05
9575.0 3.7377e-05
9580.0 2.8207e-05
9585.0 2.7241e-05
9590.0 2.6574e-05
9595.0 2.6358e-05
9600.0 2.7602e-05
9605.0 3.0135000000000002e-05
9610.0 3.2421e-05
9615.0 3.1784e-05
9620.0 3.3422999999999995e-05
9625.0 3.5253e-05
9630.0 3.1837e-05
9635.0 2.8836e-05
9640.0 2.7945e-05
9645.0 2.7812e-05
9650.0 2.8530000000000003e-05
9655.0 2.9976e-05
9660.0 3.0519e-05
9665.0 3.2041e-05
9670.0 3.5469e-05
9675.0 3.56e-05
9680.0 4.0267e-05
9685.0 4.5982e-05
9690.0 4.1227000000000004e-05
9695.0 4.3913000000000005e-05
9700.0 5.4298e-05
9705.0 4.7927e-05
9710.0 4.037e-05
9715.0 4.9322e-05
9720.0 6.0626e-05
9725.0 5.5286999999999994e-05
9730.0 3.8007e-05
9735.0 3.5289999999999996e-05
9740.0 4.1360000000000004e-05
9745.0 3.6265e-05
9750.0 3.0285000000000002e-05
9755.0 2.9238e-05
9760.0 2.8811e-05
9765.0 2.9030999999999997e-05
9770.0 2.9512e-05
9775.0 2.9681000000000003e-05
9780.0 2.9422e-05
9785.0 3.929e-05
9790.0 9.1197e-05
9795.0 0.000132008
9800.0 9.799799999999999e-05
9805.0 5.4729000000000004e-05
9810.0 4.3360000000000005e-05
9815.0 4.0708000000000004e-05
9820.0 3.4977999999999996e-05
9825.0 3.1232e-05
9830.0 3.2412999999999996e-05
9835.0 3.1248e-05
9840.0 2.9954e-05
9845.0 3.8712e-05
9850.0 4.9675e-05
9855.0 4.191e-05
9860.0 3.1373e-05
9865.0 3.0754000000000004e-05
9870.0 6.4484e-05
9875.0 9.8791e-05
9880.0 6.350799999999999e-05
9885.0 3.0239e-05
9890.0 3.6262e-05
9895.0 4.9249e-05
9900.0 4.8781999999999995e-05
9905.0 3.578e-05
9910.0 4.8663999999999994e-05
9915.0 8.5226e-05
9920.0 8.2326e-05
9925.0 4.5892e-05
9930.0 2.9553e-05
9935.0 3.0274999999999997e-05
9940.0 4.9005e-05
9945.0 9.4185e-05
9950.0 0.00010528499999999999
9955.0 8.1736e-05
9960.0 9.629300000000001e-05
9965.0 9.5931e-05
9970.0 5.721e-05
9975.0 4.0486000000000005e-05
9980.0 3.5146e-05
9985.0 2.9752999999999998e-05
9990.0 2.9384000000000002e-05
9995.0 3.1452e-05
10000.0 3.652e-05
10005.0 3.7804e-05
10010.0 7.6899e-05
10015.0 0.000125117
10020.0 8.854799999999999e-05
10025.0 5.5104e-05
10030.0 5.5179e-05
10035.0 3.9736e-05
10040.0 3.4821e-05
10045.0 4.0171e-05
10050.0 3.5713e-05
10055.0 3.3077e-05
10060.0 4.1907e-05
10065.0 4.822e-05
10070.0 4.388899999999999e-05
10075.0 3.799e-05
10080.0 5.6420000000000005e-05
10085.0 7.9472e-05
10090.0 5.4631999999999995e-05
10095.0 3.0494e-05
10100.0 3.8451e-05
10105.0 4.8499e-05
10110.0 4.116e-05
10115.0 3.0825e-05
10120.0 5.0448e-05
10125.0 8.1991e-05
10130.0 6.909099999999999e-05
10135.0 3.9568e-05
10140.0 3.0427e-05
10145.0 3.1621999999999996e-05
10150.0 4.2968e-05
10155.0 5.809e-05
10160.0 5.6582e-05
10165.0 4.6212e-05
10170.0 8.005499999999999e-05
10175.0 0.00011870799999999999
10180.0 8.1506e-05
10185.0 6.6891e-05
10190.0 9.8005e-05
10195.0 9.0201e-05
10200.0 6.3845e-05
10205.0 7.2576e-05
10210.0 0.00011446
10215.0 0.00013244
10220.0 7.5248e-05
10225.0 4.9332e-05
10230.0 7.6176e-05
10235.0 7.1898e-05
10240.0 4.2115999999999995e-05
10245.0 2.8401999999999997e-05
10250.0 2.8392e-05
10255.0 2.8372000000000002e-05
10260.0 2.8368000000000004e-05
10265.0 2.8803999999999997e-05
10270.0 3.1996e-05
10275.0 3.4439e-05
10280.0 4.5448e-05
10285.0 0.00019267900000000002
10290.0 0.000332184
10295.0 0.00022552700000000002
10300.0 0.00012140399999999999
10305.0 7.8103e-05
10310.0 5.478e-05
10315.0 5.1329e-05
10320.0 3.5396e-05
10325.0 3.3387e-05
10330.0 3.7199e-05
10335.0 3.2898e-05
10340.0 3.0526e-05
10345.0 5.8949999999999996e-05
10350.0 8.9547e-05
10355.0 6.2596e-05
10360.0 3.2572e-05
10365.0 2.901e-05
10370.0 0.00011531700000000001
10375.0 0.000215
10380.0 0.000129913
10385.0 3.5212e-05
10390.0 3.0138e-05
10395.0 6.5437e-05
10400.0 9.8231e-05
10405.0 6.1032e-05
10410.0 2.8105999999999998e-05
10415.0 0.00011192500000000001
10420.0 0.000217121
10425.0 0.000145136
10430.0 4.5131e-05
10435.0 2.8723e-05
10440.0 2.7879000000000002e-05
10445.0 3.4556e-05
10450.0 6.2087e-05
10455.0 7.63e-05
10460.0 4.7839999999999996e-05
10465.0 7.3052e-05
10470.0 0.000141852
10475.0 0.00011505599999999999
10480.0 4.789e-05
10485.0 2.7528e-05
10490.0 2.7504e-05
10495.0 2.7573e-05
10500.0 2.7688e-05
10505.0 3.7105e-05
10510.0 5.2459e-05
10515.0 4.8011e-05
10520.0 4.7136e-05
10525.0 7.4275e-05
10530.0 7.729199999999999e-05
10535.0 4.4554999999999996e-05
10540.0 2.7326999999999998e-05
10545.0 2.7309999999999998e-05
10550.0 2.7292000000000002e-05
10555.0 2.7273999999999997e-05
10560.0 2.7256e-05
10565.0 2.7282e-05
10570.0 3.284e-05
10575.0 3.8942999999999996e-05
10580.0 3.5222e-05
10585.0 4.101e-05
10590.0 4.8843e-05
10595.0 3.6739e-05
10600.0 2.72e-05
10605.0 2.7169e-05
10610.0 2.7101e-05
10615.0 2.7056e-05
10620.0 2.7035999999999997e-05
10625.0 2.7014e-05
10630.0 2.6994e-05
10635.0 2.7296e-05
10640.0 2.9060000000000003e-05
10645.0 3.0288e-05
10650.0 3.1488e-05
10655.0 3.3323e-05
10660.0 3.0185e-05
10665.0 2.7006000000000002e-05
10670.0 2.6842e-05
10675.0 2.6808999999999997e-05
10680.0 2.7576999999999997e-05
10685.0 3.2668e-05
10690.0 3.9039000000000003e-05
10695.0 4.9051e-05
10700.0 6.0732e-05
10705.0 5.7870999999999995e-05
10710.0 7.509699999999999e-05
10715.0 9.5517e-05
10720.0 7.4692e-05
10725.0 0.000102092
10730.0 0.00015247199999999999
10735.0 0.000108699
10740.0 6.5759e-05
10745.0 8.590099999999999e-05
10750.0 0.000142962
10755.0 0.000177016
10760.0 9.279500000000001e-05
10765.0 2.7012e-05
10770.0 5.3574e-05
10775.0 8.151899999999999e-05
10780.0 5.4267e-05
10785.0 2.7254e-05
10790.0 2.6488e-05
10795.0 2.6534e-05
10800.0 2.6503e-05
10805.0 2.65e-05
10810.0 2.6374e-05
10815.0 2.6249e-05
10820.0 2.6272000000000002e-05
10825.0 5.362e-05
10830.0 0.000270215
10835.0 0.00044726
10840.0 0.000299711
10845.0 0.00017615100000000001
10850.0 9.9122e-05
10855.0 5.6569e-05
10860.0 7.597e-05
10865.0 4.8953e-05
10870.0 2.7728000000000003e-05
10875.0 3.5359e-05
10880.0 4.0757e-05
10885.0 3.253e-05
10890.0 3.3336e-05
10895.0 7.6283e-05
10900.0 0.000107561
10905.0 6.3787e-05
10910.0 2.7352e-05
10915.0 2.5954000000000003e-05
10920.0 0.000138515
10925.0 0.000283281
10930.0 0.00019615300000000002
10935.0 5.468e-05
10940.0 2.6030000000000003e-05
10945.0 6.9207e-05
10950.0 0.00012496
10955.0 8.9507e-05
10960.0 3.5146e-05
10965.0 2.702e-05
10970.0 0.00017302700000000002
10975.0 0.000330216
10980.0 0.000180592
10985.0 3.1435e-05
10990.0 2.5256e-05
10995.0 2.5006e-05
11000.0 2.8139e-05
