wav,GPb
3199.9999999999995,2.37366962e-08
3209.9999999999995,1.57774443e-07
3219.9999999999995,9.08554755e-07
3229.9999999999995,4.78072331e-06
3239.9999999999995,2.39428071e-05
3249.9999999999995,0.000103648276
3259.9999999999995,0.000372280534
3269.9999999999995,0.00109381843
3279.9999999999995,0.00265174642
3289.9999999999995,0.00545098195
3299.9999999999995,0.00976875472
3309.9999999999995,0.0156275855
3319.9999999999995,0.0227741233
3329.9999999999995,0.0307613294
3339.9999999999995,0.0393617092
3349.9999999999995,0.0481051591
3359.9999999999995,0.0565974619
3369.9999999999995,0.0648652284
3379.9999999999995,0.0725998465
3389.9999999999995,0.0799799035
3399.9999999999995,0.0868837415
3409.9999999999995,0.0934892114
3419.9999999999995,0.0995098198
3429.9999999999995,0.104821332
3439.9999999999995,0.109567735
3449.9999999999995,0.113844787
3459.9999999999995,0.117322246
3469.9999999999995,0.120248035
3479.9999999999995,0.122616478
3489.9999999999995,0.124481362
3499.9999999999995,0.125910068
3509.9999999999995,0.126873854
3519.9999999999995,0.127349628
3529.9999999999995,0.127444244
3539.9999999999995,0.127427159
3549.9999999999995,0.126991649
3559.9999999999995,0.126294051
3569.9999999999995,0.125245997
3579.9999999999995,0.124229812
3589.9999999999995,0.122847822
3599.9999999999995,0.121442511
3609.9999999999995,0.120078061
3619.9999999999995,0.118415896
3629.9999999999995,0.117082052
3639.9999999999995,0.115602744
3649.9999999999995,0.114320018
3659.9999999999995,0.11309868
3669.9999999999995,0.111837348
3679.9999999999995,0.110897166
3689.9999999999995,0.110137634
3699.9999999999995,0.109349045
3709.9999999999995,0.10899301
3719.9999999999995,0.10852836
3729.9999999999995,0.108229538
3739.9999999999995,0.10818023
3749.9999999999995,0.108450962
3759.9999999999995,0.109108058
3769.9999999999995,0.109989532
3779.9999999999995,0.111262658
3789.9999999999995,0.113409497
3799.9999999999995,0.116293195
3809.9999999999995,0.120058072
3819.9999999999995,0.125004759
3829.9999999999995,0.130901086
3839.999999999999,0.138026499
3849.999999999999,0.146290114
3859.999999999999,0.155929479
3869.999999999999,0.166606022
3879.999999999999,0.178362874
3889.999999999999,0.191168005
3899.999999999999,0.204618287
3909.999999999999,0.218642941
3919.999999999999,0.233241881
3929.999999999999,0.247757369
3939.999999999999,0.262449781
3949.999999999999,0.276561595
3959.999999999999,0.290484469
3969.999999999999,0.303786844
3979.999999999999,0.31644434
3989.999999999999,0.32903632
3999.999999999999,0.34084777
4009.999999999999,0.35172756
4019.999999999999,0.362523374
4029.999999999999,0.373395293
4039.999999999999,0.3831687
4049.999999999999,0.392487346
4059.999999999999,0.401706247
4069.999999999999,0.410080494
4079.999999999999,0.418111383
4089.999999999999,0.425897751
4099.999999999999,0.433235889
4109.999999999999,0.440713666
4119.999999999999,0.447897608
4129.999999999999,0.454324711
4139.999999999999,0.460313158
4149.999999999999,0.466419545
4159.999999999999,0.472245468
4169.999999999999,0.477786567
4179.999999999999,0.483212885
4189.999999999999,0.488154684
4199.999999999999,0.492915186
4209.999999999999,0.497607962
4219.999999999999,0.501941461
4229.999999999999,0.506615898
4239.999999999999,0.510655404
4249.999999999999,0.514230358
4259.999999999999,0.518167599
4269.999999999999,0.522231851
4279.999999999999,0.525884022
4289.999999999999,0.529172592
4299.999999999999,0.532506055
4309.999999999999,0.535557712
4319.999999999999,0.538516925
4329.999999999999,0.5417102
4339.999999999999,0.544806843
4349.999999999999,0.547920299
4359.999999999999,0.550737813
4369.999999999999,0.552849279
4379.999999999999,0.555240306
4389.999999999999,0.557625555
4399.999999999999,0.560121042
4409.999999999999,0.562517558
4419.999999999999,0.56495565
4429.999999999999,0.567467523
4439.999999999999,0.569698519
4449.999999999999,0.572038798
4459.999999999999,0.574015357
4469.999999999999,0.575728511
4479.999999999999,0.577940776
4489.999999999999,0.580249335
4499.999999999999,0.58187167
4509.999999999999,0.583393689
4519.999999999999,0.585627955
4529.999999999999,0.5874935
4539.999999999999,0.589025129
4549.999999999999,0.590851821
4559.999999999999,0.592639378
4569.999999999999,0.5940159
4579.999999999999,0.595568847
4589.999999999999,0.59739226
4599.999999999999,0.598921356
4609.999999999999,0.600467112
4619.999999999999,0.601872775
4629.999999999999,0.603066831
4639.999999999999,0.604504831
4649.999999999999,0.606293819
4659.999999999999,0.607859461
4669.999999999999,0.608846935
4679.999999999999,0.609885369
4689.999999999999,0.611545267
4699.999999999999,0.612743401
4709.999999999999,0.613700318
4719.999999999999,0.615380987
4729.999999999999,0.616749011
4739.999999999999,0.617688856
4749.999999999999,0.61878506
4759.999999999999,0.620192685
4769.999999999999,0.621716954
4779.999999999999,0.62288663
4789.999999999999,0.623670434
4799.999999999999,0.624456273
4809.999999999999,0.626143241
4819.999999999999,0.626892897
4829.999999999999,0.627326934
4839.999999999999,0.628187372
4849.999999999999,0.629416394
4859.999999999999,0.630628928
4869.999999999999,0.631828135
4879.999999999999,0.63272291
4889.999999999999,0.633616251
4899.999999999999,0.634592054
4909.999999999999,0.635434859
4919.999999999999,0.635983967
4929.999999999999,0.636865441
4939.999999999999,0.638096399
4949.999999999999,0.639616883
4959.999999999999,0.640545836
4969.999999999999,0.641348409
4979.999999999999,0.642108215
4989.999999999999,0.642351253
4999.999999999999,0.642876868
5009.999999999999,0.643808628
5019.999999999999,0.645325554
5029.999999999999,0.645905626
5039.999999999999,0.646467361
5049.999999999999,0.647428068
5059.999999999999,0.648242074
5069.999999999999,0.649437751
5079.999999999999,0.650016704
5089.999999999999,0.650237494
5099.999999999999,0.651384274
5109.999999999999,0.652558487
5119.999999999999,0.653107718
5129.999999999999,0.653193092
5139.999999999999,0.654576951
5149.999999999999,0.655353077
5159.999999999999,0.655740029
5169.999999999999,0.656366459
5179.999999999999,0.656867754
5189.999999999999,0.6578565
5199.999999999999,0.659234285
5209.999999999999,0.660148241
5219.999999999999,0.66062
5229.999999999999,0.660955282
5239.999999999999,0.661622879
5249.999999999999,0.662540346
5259.999999999999,0.663165524
5269.999999999999,0.663795529
5279.999999999999,0.664335678
5289.999999999999,0.664734894
5299.999999999999,0.665180853
5309.999999999999,0.666268123
5319.999999999999,0.667208557
5329.999999999999,0.668146172
5339.999999999999,0.669145477
5349.999999999999,0.66937087
5359.999999999999,0.669893287
5369.999999999999,0.670337034
5379.999999999999,0.670884594
5389.999999999999,0.671759917
5399.999999999999,0.672624175
5409.999999999999,0.673233807
5419.999999999999,0.673699106
5429.999999999999,0.673762546
5439.999999999999,0.673945752
5449.999999999999,0.674601086
5459.999999999999,0.675695142
5469.999999999999,0.676761074
5479.999999999999,0.676993856
5489.999999999999,0.677374846
5499.999999999999,0.677892686
5509.999999999999,0.678116593
5519.999999999999,0.678309994
5529.999999999999,0.679798319
5539.999999999999,0.680593478
5549.999999999999,0.6809122
5559.999999999999,0.681446794
5569.999999999999,0.681945051
5579.999999999999,0.682234503
5589.999999999999,0.682489453
5599.999999999999,0.68337283
5609.999999999999,0.68357267
5619.999999999999,0.684490942
5629.999999999999,0.68482853
5639.999999999999,0.685509533
5649.999999999999,0.685967162
5659.999999999999,0.686276681
5669.999999999999,0.687171589
5679.999999999999,0.687640135
5689.999999999999,0.68738583
5699.999999999999,0.688218588
5709.999999999999,0.688276111
5719.999999999999,0.688660926
5729.999999999999,0.689091864
5739.999999999999,0.689951441
5749.999999999999,0.690115617
5759.999999999999,0.690545104
5769.999999999999,0.691100965
5779.999999999999,0.692206906
5789.999999999999,0.692398556
5799.999999999999,0.692909244
5809.999999999999,0.693808876
5819.999999999999,0.693856543
5829.999999999999,0.694810612
5839.999999999999,0.694963614
5849.999999999999,0.695048621
5859.999999999999,0.694907946
5869.999999999999,0.696212408
5879.999999999999,0.696758839
5889.999999999999,0.697678494
5899.999999999999,0.698360314
5909.999999999999,0.698097155
5919.999999999999,0.697535735
5929.999999999999,0.698671173
5939.999999999999,0.699129682
5949.999999999999,0.699648804
5959.999999999999,0.700919796
5969.999999999999,0.700475939
5979.999999999999,0.70083316
5989.999999999999,0.700785329
5999.999999999999,0.701281364
6009.999999999999,0.702978763
6019.999999999999,0.702561423
6029.999999999999,0.702903719
6039.999999999999,0.703730632
6049.999999999999,0.703629981
6059.999999999999,0.70411471
6069.999999999999,0.704179758
6079.999999999999,0.705022411
6089.999999999999,0.70567701
6099.999999999999,0.705926392
6109.999999999999,0.706855634
6119.999999999999,0.706706307
6129.999999999999,0.7073297
6139.999999999999,0.707692222
6149.999999999999,0.708372072
6159.999999999999,0.708807335
6169.999999999999,0.708917813
6179.999999999999,0.708520426
6189.999999999999,0.709231182
6199.999999999999,0.709945761
6209.999999999999,0.710313233
6219.999999999999,0.711336132
6229.999999999999,0.710919514
6239.999999999999,0.710400041
6249.999999999999,0.710869704
6259.999999999999,0.711196891
6269.999999999999,0.711807813
6279.999999999999,0.711904674
6289.999999999999,0.712401128
6299.999999999999,0.712286557
6309.999999999999,0.71285188
6319.999999999999,0.713771318
6329.999999999999,0.713691645
6339.999999999999,0.713868346
6349.999999999999,0.713697745
6359.999999999999,0.714492999
6369.999999999999,0.714678077
6379.999999999999,0.715388754
6389.999999999999,0.714921456
6399.999999999999,0.714900215
6409.999999999999,0.715024655
6419.999999999999,0.715672997
6429.999999999999,0.716050141
6439.999999999999,0.716029673
6449.999999999999,0.715691967
6459.999999999999,0.715876385
6469.999999999999,0.716960226
6479.999999999999,0.71688559
6489.999999999999,0.716335586
6499.999999999999,0.716852196
6509.999999999999,0.717133044
6519.999999999999,0.717218193
6529.999999999999,0.717476337
6539.999999999999,0.717378145
6549.999999999999,0.717074319
6559.999999999999,0.71731534
6569.999999999999,0.717141788
6579.999999999999,0.717788804
6589.999999999999,0.717426278
6599.999999999999,0.718062023
6609.999999999999,0.717863061
6619.999999999999,0.717904999
6629.999999999999,0.717349336
6639.999999999999,0.717572183
6649.999999999999,0.717855475
6659.999999999999,0.718331919
6669.999999999999,0.718591257
6679.999999999999,0.718370434
6689.999999999999,0.717904819
6699.999999999999,0.717424017
6709.999999999999,0.71784316
6719.999999999999,0.717132656
6729.999999999999,0.718053057
6739.999999999999,0.717816316
6749.999999999999,0.717454983
6759.999999999999,0.716810763
6769.999999999999,0.71661373
6779.999999999999,0.71670368
6789.999999999999,0.716807547
6799.999999999999,0.716404699
6809.999999999999,0.716026816
6819.999999999999,0.715499602
6829.999999999999,0.715194638
6839.999999999999,0.714879264
6849.999999999999,0.714721608
6859.999999999999,0.714450875
6869.999999999999,0.71409494
6879.999999999999,0.713726844
6889.999999999999,0.713923319
6899.999999999999,0.713025742
6909.999999999999,0.713036723
6919.999999999999,0.713585254
6929.999999999999,0.711755622
6939.999999999999,0.712043117
6949.999999999999,0.711160229
6959.999999999999,0.711020577
6969.999999999999,0.710521348
6979.999999999999,0.709937406
6989.999999999999,0.71005566
6999.999999999999,0.709495858
7009.999999999999,0.70904304
7019.999999999999,0.707167516
7029.999999999999,0.706464455
7039.999999999999,0.706753219
7049.999999999999,0.706325785
7059.999999999999,0.705940442
7069.999999999999,0.704739929
7079.999999999999,0.703579509
7089.999999999999,0.702717312
7099.999999999999,0.702344476
7109.999999999999,0.701830306
7119.999999999999,0.70117167
7129.999999999999,0.700393918
7139.999999999999,0.699831057
7149.999999999999,0.698460827
7159.999999999999,0.697818643
7169.999999999999,0.697153616
7179.999999999999,0.695742888
7189.999999999999,0.694712311
7199.999999999999,0.694885081
7209.999999999999,0.692885573
7219.999999999999,0.691711104
7229.999999999999,0.690353195
7239.999999999999,0.690406445
7249.999999999999,0.688749013
7259.999999999999,0.688944913
7269.999999999999,0.687407572
7279.999999999999,0.685488901
7289.999999999999,0.684378064
7299.999999999999,0.682863231
7309.999999999999,0.682507641
7319.999999999999,0.681127183
7329.999999999999,0.68022661
7339.999999999999,0.679059439
7349.999999999999,0.67775676
7359.999999999999,0.675739777
7369.999999999999,0.674126836
7379.999999999999,0.673332111
7389.999999999999,0.672389245
7399.999999999999,0.670880823
7409.999999999999,0.66898052
7419.999999999999,0.667243532
7429.999999999999,0.665983957
7439.999999999999,0.664046543
7449.999999999999,0.662867306
7459.999999999999,0.660693305
7469.999999999999,0.659014151
7479.999999999999,0.658198324
7489.999999999999,0.65640776
7499.999999999999,0.654375536
7509.999999999999,0.652956919
7519.999999999999,0.65162627
7529.999999999999,0.649032293
7539.999999999999,0.647150544
7549.999999999999,0.646231665
7559.999999999999,0.644301161
7569.999999999999,0.642591901
7579.999999999999,0.640525269
7589.999999999999,0.638859881
7599.999999999999,0.636105955
7609.999999999999,0.634343902
7619.999999999999,0.632896096
7629.999999999999,0.630976684
7639.999999999999,0.629296421
7649.999999999999,0.627303744
7659.999999999999,0.62503068
7669.999999999999,0.622227291
7679.999999999998,0.620911861
7689.999999999998,0.617873955
7699.999999999998,0.615501457
7709.999999999998,0.613840826
7719.999999999998,0.611354644
7729.999999999998,0.609068523
7739.999999999998,0.60747981
7749.999999999998,0.605089456
7759.999999999998,0.602636396
7769.999999999998,0.599457487
7779.999999999998,0.597541445
7789.999999999998,0.595929448
7799.999999999998,0.592399976
7809.999999999998,0.589922928
7819.999999999998,0.588498932
7829.999999999998,0.586177867
7839.999999999998,0.582739383
7849.999999999998,0.579941538
7859.999999999998,0.577515441
7869.999999999998,0.574941869
7879.999999999998,0.57257319
7889.999999999998,0.570267159
7899.999999999998,0.567402553
7909.999999999998,0.564846737
7919.999999999998,0.56259101
7929.999999999998,0.560125763
7939.999999999998,0.557100029
7949.999999999998,0.553910813
7959.999999999998,0.55119975
7969.999999999998,0.548455714
7979.999999999998,0.545932611
7989.999999999998,0.542721649
7999.999999999998,0.539583616
8009.999999999998,0.53647676
8019.999999999998,0.533862789
8029.999999999998,0.531436326
8039.999999999998,0.52840388
8049.999999999998,0.525122912
8059.999999999998,0.521778073
8069.999999999998,0.519067752
8079.999999999998,0.515840113
8089.999999999998,0.513186641
8099.999999999998,0.510092228
8109.999999999998,0.507382387
8119.999999999998,0.503885556
8129.999999999998,0.50211559
8139.999999999998,0.499224107
8149.999999999998,0.49597151
8159.999999999998,0.491996429
8169.999999999998,0.488823768
8179.999999999998,0.486045767
8189.999999999998,0.482688992
8199.999999999998,0.4791254
8209.999999999998,0.475897338
8219.999999999998,0.473142654
8229.999999999998,0.469907593
8239.999999999998,0.466919323
8249.999999999998,0.463232702
8259.999999999998,0.459884631
8269.999999999998,0.456889113
8279.999999999998,0.453346951
8289.999999999998,0.45004578
8299.999999999998,0.447393833
8309.999999999998,0.444309807
8319.999999999998,0.441085939
8329.999999999998,0.438000883
8339.999999999998,0.435105537
8349.999999999998,0.432121809
8359.999999999998,0.428620861
8369.999999999998,0.424482653
8379.999999999998,0.421066579
8389.999999999998,0.418041166
8399.999999999998,0.414784905
8409.999999999998,0.410985509
8419.999999999998,0.407626467
8429.999999999998,0.404648726
8439.999999999998,0.402525287
8449.999999999998,0.398521565
8459.999999999998,0.394418335
8469.999999999998,0.390756327
8479.999999999998,0.387320969
8489.999999999998,0.384182575
8499.999999999998,0.38035191
8509.999999999998,0.37717709
8519.999999999998,0.374020127
8529.999999999998,0.370148583
8539.999999999998,0.366996318
8549.999999999998,0.364135266
8559.999999999998,0.360849931
8569.999999999998,0.357884173
8579.999999999998,0.353910876
8589.999999999998,0.349887801
8599.999999999998,0.347263747
8609.999999999998,0.343570151
8619.999999999998,0.341020516
8629.999999999998,0.337872504
8639.999999999998,0.334147192
8649.999999999998,0.330135408
8659.999999999998,0.327489043
8669.999999999998,0.323644477
8679.999999999998,0.318944273
8689.999999999998,0.316843391
8699.999999999998,0.313995072
8709.999999999998,0.310184285
8719.999999999998,0.306793674
8729.999999999998,0.304739258
8739.999999999998,0.301508837
8749.999999999998,0.2978234
8759.999999999998,0.294744663
8769.999999999998,0.291236311
8779.999999999998,0.287749108
8789.999999999998,0.283898442
8799.999999999998,0.280491684
8809.999999999998,0.277753035
8819.999999999998,0.274883831
8829.999999999998,0.271422986
8839.999999999998,0.267856627
8849.999999999998,0.264606752
8859.999999999998,0.261455674
8869.999999999998,0.258601267
8879.999999999998,0.25605039
8889.999999999998,0.252764468
8899.999999999998,0.249470941
8909.999999999998,0.246164578
8919.999999999998,0.242695811
8929.999999999998,0.239475017
8939.999999999998,0.236928652
8949.999999999998,0.233626713
8959.999999999998,0.230619554
8969.999999999998,0.227896049
8979.999999999998,0.2245876
8989.999999999998,0.221176759
8999.999999999998,0.218314877
9009.999999999998,0.215486395
9019.999999999998,0.212462553
9029.999999999998,0.209351058
9039.999999999998,0.206526022
9049.999999999998,0.203620957
9059.999999999998,0.200906225
9069.999999999998,0.197864533
9079.999999999998,0.195053221
9089.999999999998,0.19255259
9099.999999999998,0.189578109
9109.999999999998,0.186409222
9119.999999999998,0.183406018
9129.999999999998,0.18069764
9139.999999999998,0.178273497
9149.999999999998,0.175677222
9159.999999999998,0.172996955
9169.999999999998,0.170346904
9179.999999999998,0.167375209
9189.999999999998,0.164513615
9199.999999999998,0.162072087
9209.999999999998,0.159580389
9219.999999999998,0.156851728
9229.999999999998,0.154259129
9239.999999999998,0.151670819
9249.999999999998,0.149021982
9259.999999999998,0.146366087
9269.999999999998,0.143985377
9279.999999999998,0.141630826
9289.999999999998,0.139368431
9299.999999999998,0.137119296
9309.999999999998,0.134531623
9319.999999999998,0.132145238
9329.999999999998,0.129818524
9339.999999999998,0.127475437
9349.999999999998,0.125125476
9359.999999999998,0.122937568
9369.999999999998,0.120711798
9379.999999999998,0.118314345
9389.999999999998,0.116018797
9399.999999999998,0.113758622
9409.999999999998,0.111693532
9419.999999999998,0.109615906
9429.999999999998,0.107402656
9439.999999999998,0.105374647
9449.999999999998,0.103239456
9459.999999999998,0.10106193
9469.999999999998,0.0990179458
9479.999999999998,0.0970876723
9489.999999999998,0.0950985582
9499.999999999998,0.0931891382
9509.999999999998,0.0912931456
9519.999999999998,0.0895365374
9529.999999999998,0.0876406868
9539.999999999998,0.0858260089
9549.999999999998,0.083896431
9559.999999999998,0.081801158
9569.999999999998,0.0801260722
9579.999999999998,0.0784905076
9589.999999999998,0.0767571241
9599.999999999998,0.074983285
9609.999999999998,0.0732033366
9619.999999999998,0.0714271926
9629.999999999998,0.0697384298
9639.999999999998,0.0681054818
9649.999999999998,0.0665621078
9659.999999999998,0.0650566774
9669.999999999998,0.0635366549
9679.999999999998,0.0619414516
9689.999999999998,0.0603444134
9699.999999999998,0.058819497
9709.999999999998,0.0572842491
9719.999999999998,0.0558320087
9729.999999999998,0.0544731256
9739.999999999998,0.0531892434
9749.999999999998,0.0518819276
9759.999999999998,0.0504960013
9769.999999999998,0.0491043518
9779.999999999998,0.0477397242
9789.999999999998,0.0464290407
9799.999999999998,0.0451523186
9809.999999999998,0.0439537936
9819.999999999998,0.0427842864
9829.999999999998,0.0416059976
9839.999999999998,0.0404491284
9849.999999999998,0.0393175265
9859.999999999998,0.0381228672
9869.999999999998,0.0370017155
9879.999999999998,0.035889212
9889.999999999998,0.0348694504
9899.999999999998,0.0338677803
9909.999999999998,0.0328545025
9919.999999999998,0.0318635224
9929.999999999998,0.0308505958
9939.999999999998,0.0298422262
9949.999999999998,0.0288698314
9959.999999999998,0.0279096167
9969.999999999998,0.0270155912
9979.999999999998,0.026182638
9989.999999999998,0.0253761189
9999.999999999998,0.0245381883
10009.999999999998,0.0236901917
10019.999999999998,0.0228654041
10029.999999999998,0.0220616877
10039.999999999998,0.0212750382
10049.999999999998,0.020539373
10059.999999999998,0.0198252817
10069.999999999998,0.0191392465
10079.999999999998,0.0184634887
10089.999999999998,0.0177940347
10099.999999999998,0.0171045299
10109.999999999998,0.0164408885
10119.999999999998,0.0157992794
10129.999999999998,0.0151890084
10139.999999999998,0.0146000832
10149.999999999998,0.0140438991
10159.999999999998,0.013515206
10169.999999999998,0.0129890078
10179.999999999998,0.0124326267
10189.999999999998,0.011918027
10199.999999999998,0.0113958923
10209.999999999998,0.010911539
10219.999999999998,0.0104521107
10229.999999999998,0.0100129018
10239.999999999998,0.00959084092
10249.999999999998,0.00919348122
10259.999999999998,0.00879047352
10269.999999999998,0.00838172296
10279.999999999998,0.00798808843
10289.999999999998,0.00761580777
10299.999999999998,0.00725157056
10309.999999999998,0.00691641033
10319.999999999998,0.00659050148
10329.999999999998,0.00628198777
10339.999999999998,0.00597895856
10349.999999999998,0.00568605069
10359.999999999998,0.00540603194
10369.999999999998,0.00512860149
10379.999999999998,0.00486306725
10389.999999999998,0.00460737466
10399.999999999998,0.00436700622
10409.999999999998,0.00413684231
10419.999999999998,0.00391409777
10429.999999999998,0.00370426533
10439.999999999998,0.00349768928
10449.999999999998,0.00329787242
10459.999999999998,0.00310114462
10469.999999999998,0.00291166362
10479.999999999998,0.00273715363
10489.999999999998,0.00257163006
10499.999999999998,0.00241251048
